Best Fit Average for Each Generation

[18784.4495 18926.2685 18814.21   18695.9875 18575.6075 18441.9635
 18507.578  18542.3605 18550.406  18392.158  18094.156  18071.026
 18080.4925 18053.883  17993.2255 18000.0745 17913.373  17594.3715
 17599.1075 17646.8495 17610.26   17169.7725 17293.238  17232.886
 17224.064  17110.155  17027.2845 16969.6975 16890.235  16837.133
 16833.766  16764.557  16768.1325 16689.687  16670.8935 16710.7715
 16556.9015 16531.5265 16511.0445 16504.193  16500.8755 16398.374
 16430.3485 16390.521  16427.2925 16425.9335 16333.795  16324.3705
 16325.8305 16240.6015 16309.06   16343.6585 16291.998  16265.7205
 16228.5565 16287.659  16177.027  16184.185  16170.3205 16141.4165
 16065.1705 16049.603  15947.4245 15948.568  15948.519  15933.2005
 15880.087  15824.0875 15837.7525 15901.938  15880.2485 15762.721
 15607.38   15543.247  15545.569  15551.368  15478.422  15332.636
 15441.858  15378.669  15316.804  15323.1785 15315.816  15315.816
 15218.513  15198.7175 15221.425  15216.027  15198.6765 15169.8395
 15027.2505 15015.4945 15023.208  15011.5    15051.391  14948.361
 14974.621  14892.485  14892.485  14890.4795]


Best Trip

[14998.36], 
[12939.95], 
[17044.37], 
[16844.51], 
[13834.37], 
[15148.5], 
[15592.48], 
[15026.63], 
[15595.95], 
[14449.17], 
[14731.46], 
[13171.62], 
[13926.43], 
[14220.17], 
[14247.48], 
[14692.74], 
[15384.41], 
[15366.04], 
[15083.03], 
[15511.92]


Best Trip of All Runs

12939.950000000003


Worst Trip of All Runs

17044.37


Average Runs of Best Trip

14890.479500000001


Standard Deviation Across Runs

1009.054484680956