Best Fit Average for Each Generation

[21619.09   21519.8195 21695.895  21698.125  21696.743  21702.5475
 21664.04   21681.5625 21658.8135 21505.4375 21572.277  21480.0845
 21413.4875 21318.8185 21323.802  21322.7165 21351.197  21425.5105
 21425.5105 21432.495  21328.636  21328.636  21328.026  21394.501
 21332.7995 21376.3035 21359.457  21380.819  21353.3595 21245.8215
 21245.8215 21327.33   21346.2885 21262.431  20995.2    21106.6555
 21106.6555 21138.269  21078.929  21040.827  21053.5935 21017.2905
 21080.8825 21065.5055 20978.293  20985.9625 20948.875  20964.2685
 20876.269  20876.269  20912.8775 20941.7025 20921.6325 20857.807
 20842.7185 20770.101  20781.881  20808.8135 20766.1325 20728.788
 20708.639  20737.8055 20685.2055 20629.9175 20586.201  20586.201
 20497.9205 20459.378  20515.74   20457.372  20516.506  20547.6655
 20497.9935 20485.4635 20454.922  20508.9865 20343.051  20476.625
 20411.038  20393.9295 20392.3195 20360.637  20360.637  20291.5635
 20314.75   20343.5165 20343.5165 20343.5165 20343.5165 20326.5785
 20232.767  20224.988  20187.4215 20277.295  20246.943  20258.7145
 20252.0845 20185.655  20061.827  20060.6185]


Best Trip

[20821.83], 
[19554.27], 
[19446.69], 
[19557.49], 
[20460.79], 
[19549.07], 
[18825.28], 
[20599.48], 
[21636.95], 
[20401.92], 
[18475.63], 
[18793.52], 
[21603.97], 
[21817.99], 
[21405.32], 
[19066.2], 
[18674.08], 
[21217.92], 
[19181.89], 
[20122.08]


Best Trip of All Runs

18475.629999999997


Worst Trip of All Runs

21817.99


Average Runs of Best Trip

20060.618500000004


Standard Deviation Across Runs

1066.0281636958516