Best Fit Average for Each Generation

[18095.2605 18154.4755 17912.904  17595.6255 17679.4565 17519.0865
 17445.0695 17276.0795 17142.7555 17088.7985 16823.357  16759.4025
 16653.6825 16754.705  16526.7545 16492.4375 16199.0725 16296.36
 16316.974  16248.541  16290.728  16073.2825 16082.2715 16035.1885
 15965.68   15822.337  15835.709  15887.3205 15809.256  15751.943
 15588.7785 15518.434  15431.566  15226.195  15222.3495 15233.197
 15239.6125 15069.861  14983.59   14919.476  14868.261  14871.0935
 14861.1485 14776.0805 14729.7765 14700.8645 14698.779  14658.369
 14573.0315 14497.772  14342.66   14279.538  14252.378  14057.4005
 14085.043  14192.1505 14186.638  14216.253  14213.599  14142.9255
 14077.9415 14035.1755 13976.7565 13955.634  13846.312  13811.774
 13813.09   13819.331  13677.039  13693.326  13623.0575 13619.879
 13637.876  13511.8075 13416.8915 13412.1095 13409.397  13362.319
 13406.1335 13365.9065 13415.4825 13369.337  13314.012  13314.012
 13142.7585 13161.911  13122.235  13127.3695 13125.04   13118.7075
 13051.443  13058.3275 13002.484  12962.855  12994.76   12934.133
 12899.753  12904.3975 12832.1565 12849.261 ]


Best Trip

[13446.5], 
[12209.44], 
[12086.31], 
[13521.27], 
[12846.41], 
[12893.47], 
[13193.17], 
[12683.12], 
[12423.44], 
[14825.34], 
[12636.74], 
[12240.54], 
[13918.06], 
[12561.79], 
[12995.48], 
[12388.29], 
[12723.9], 
[12049.06], 
[12460.68], 
[12882.21]


Best Trip of All Runs

12049.06


Worst Trip of All Runs

14825.34


Average Runs of Best Trip

12849.260999999999


Standard Deviation Across Runs

660.1695090346115