Best Fit Average for Each Generation

[10966.6955 10959.4755 10964.5045 10996.46   10836.7195 10838.8075
 10548.432  10453.167  10322.853  10283.048  10344.678  10338.928
 10328.119  10239.343  10200.525  10079.3935 10092.762  10008.3075
  9992.265   9753.248   9655.663   9623.1065  9572.451   9620.7225
  9509.829   9530.8435  9486.354   9350.6365  9359.982   9379.138
  9461.751   9429.094   9390.4965  9365.074   9312.6185  9236.883
  9167.      9145.005   9137.228   9182.432   9119.1365  9154.933
  9133.2175  9070.6145  9063.9505  9021.0615  8977.2715  8954.29
  8963.815   8936.0975  8901.323   8889.289   8909.3975  8877.3775
  8863.8055  8849.366   8856.289   8888.986   8859.001   8859.001
  8807.347   8804.9135  8824.367   8807.265   8807.265   8784.5455
  8796.18    8725.9935  8749.604   8752.0375  8745.8455  8728.731
  8740.0275  8729.7435  8761.0845  8760.111   8760.111   8766.254
  8751.8145  8745.8905  8722.7195  8716.185   8713.973   8707.83
  8707.4555  8707.83    8721.1885  8721.1885  8721.1885  8671.7755
  8671.401   8690.947   8690.947   8672.1825  8674.601   8674.601
  8674.601   8656.7     8656.7     8647.84  ]


Best Trip

[9142.95], 
[8439.76], 
[8347.48], 
[8932.2], 
[9185.42], 
[8617.15], 
[8401.11], 
[8347.48], 
[8617.15], 
[8953.82], 
[8347.48], 
[8401.11], 
[8401.11], 
[8347.48], 
[8562.62], 
[8436.35], 
[8562.62], 
[8961.54], 
[9512.21], 
[8439.76]


Best Trip of All Runs

8347.48


Worst Trip of All Runs

9512.21


Average Runs of Best Trip

8647.84


Standard Deviation Across Runs

335.06540886817896