Best Fit Average for Each Generation

[10352.729  10326.685  10301.2935 10135.982  10096.394   9980.069
  9971.9065  9985.2595  9976.778   9865.202   9803.2825  9674.4775
  9680.892   9607.2505  9599.784   9523.099   9475.7375  9405.12
  9344.152   9338.825   9263.6435  9213.667   9235.8035  9216.9005
  9241.5125  9200.791   9211.973   9175.553   9145.816   9183.6795
  9165.4545  9145.8185  9115.4175  9120.493   9064.114   9028.865
  8996.563   8972.488   8974.177   8971.4955  8985.8475  8972.3655
  8979.156   8998.0215  8951.164   8901.689   8887.2495  8887.9615
  8847.7665  8811.292   8822.34    8818.6245  8819.7785  8824.881
  8814.6565  8824.0415  8803.3595  8757.1005  8821.539   8823.054
  8830.9325  8822.406   8792.8775  8754.944   8780.1345  8769.2565
  8769.266   8750.37    8717.258   8712.644   8709.14    8695.5565
  8699.889   8703.8315  8703.8315  8694.48    8693.2925  8693.2925
  8679.7705  8670.2625  8660.2245  8660.2245  8629.8345  8629.8345
  8629.8345  8649.136   8649.136   8633.6575  8615.662   8633.6575
  8637.6     8633.6575  8601.3655  8598.4765  8633.6575  8622.709
  8622.709   8591.9715  8618.2655  8612.671 ]


Best Trip

[8876.47], 
[8392.99], 
[8339.36], 
[8431.64], 
[8392.99], 
[9007.74], 
[8431.64], 
[8485.27], 
[8428.23], 
[8792.54], 
[8609.03], 
[8428.23], 
[8822.84], 
[8431.64], 
[8339.36], 
[8770.32], 
[9026.37], 
[8608.84], 
[8792.54], 
[8845.38]


Best Trip of All Runs

8339.359999999999


Worst Trip of All Runs

9026.369999999999


Average Runs of Best Trip

8612.670999999998


Standard Deviation Across Runs

225.0810486891335