Best Fit Average for Each Generation

[9892.04   9877.803  9871.906  9848.237  9774.8035 9695.4095 9467.7515
 9376.2105 9443.005  9439.8215 9410.6635 9378.065  9356.0235 9370.875
 9217.909  9104.6295 9099.7195 9162.1495 9135.235  9119.564  9129.428
 9119.632  9098.923  9093.411  9119.506  9091.2175 9081.352  9047.929
 9037.018  8992.785  8947.987  8947.987  8951.3445 8941.753  8806.978
 8728.2525 8734.569  8734.569  8720.4975 8682.902  8789.7465 8764.403
 8705.474  8735.707  8738.3165 8741.5915 8730.503  8738.4855 8749.574
 8698.468  8637.2135 8655.7825 8655.7825 8611.9235 8490.477  8534.336
 8596.649  8613.451  8604.5815 8615.083  8599.943  8586.0065 8586.0065
 8591.1    8621.2725 8549.0725 8557.9325 8543.9405 8541.338  8558.9565
 8532.83   8485.8035 8506.203  8467.2485 8472.114  8469.2185 8463.2445
 8463.2445 8496.0215 8431.113  8417.0705 8379.408  8379.408  8407.89
 8399.0205 8413.2515 8413.2515 8403.829  8389.3895 8389.3895 8403.829
 8401.8175 8355.353  8348.6175 8343.218  8312.442  8393.8185 8382.972
 8344.8335 8344.8335]


Best Trip

[7503.1], 
[8309.47], 
[7952.3], 
[8629.3], 
[9207.22], 
[7503.1], 
[8565.03], 
[8939.53], 
[8488.02], 
[8243.97], 
[8479.11], 
[9174.74], 
[7486.31], 
[8500.72], 
[9488.59], 
[7830.01], 
[7969.09], 
[8669.04], 
[7775.1], 
[8182.92]


Best Trip of All Runs

7486.31


Worst Trip of All Runs

9488.59


Average Runs of Best Trip

8344.833500000002


Standard Deviation Across Runs

568.6953150174089