Best Fit Average for Each Generation

[19057.889  19178.4075 19193.517  19274.5255 19260.0925 19260.0925
 19244.9725 19141.1115 19082.081  19082.081  19254.9735 19183.3715
 19193.632  19171.286  19210.2545 19209.1175 19078.09   19102.1365
 19102.2495 19047.5485 19052.25   19020.697  19042.0015 19030.2915
 19096.8575 19010.476  18944.181  18921.12   18847.986  18840.023
 18816.507  18839.355  18794.1145 18777.833  18686.0525 18751.429
 18748.7475 18748.7475 18658.813  18658.813  18635.627  18693.1385
 18694.5225 18720.0895 18680.353  18546.23   18650.9075 18552.3055
 18543.5685 18642.1705 18638.412  18627.9315 18489.1495 18595.859
 18595.859  18546.962  18499.0165 18353.3925 18468.49   18461.634
 18377.7765 18377.7765 18348.1255 18373.8645 18380.5945 18297.0955
 18289.697  18197.8155 18285.0015 18285.0015 18285.0015 18285.0015
 18285.0015 18202.6765 18118.9655 18200.366  18200.366  18201.148
 18285.0015 18285.0015 18127.751  18090.8815 18127.751  18001.968
 17972.0825 17953.6975 17947.641  17950.7445 17931.829  17903.631
 17903.631  17828.4515 17903.631  17903.631  17903.631  17903.631
 17824.7015 17824.7015 17899.989  17899.989 ]


Best Trip

[17204.58], 
[16643.13], 
[20083.63], 
[19105.7], 
[18833.2], 
[15912.98], 
[17110.3], 
[18299.59], 
[18463.94], 
[18935.05], 
[15512.75], 
[15585.34], 
[18566.99], 
[17622.76], 
[19032.14], 
[19108.69], 
[17752.09], 
[19152.74], 
[15687.97], 
[19386.21]


Best Trip of All Runs

15512.749999999996


Worst Trip of All Runs

20083.629999999997


Average Runs of Best Trip

17899.989000000005


Standard Deviation Across Runs

1383.6763504262842