Best Fit Average for Each Generation

[17799.498  17787.0195 17685.8375 17622.4675 17547.7205 17602.4455
 17613.334  17530.4345 17416.184  17407.3105 17357.044  17406.964
 17257.81   17147.119  17078.6335 17044.276  17035.81   16950.324
 16792.645  16697.4765 16677.0435 16610.017  16499.8385 16507.4735
 16580.377  16517.94   16436.6345 16381.941  16299.957  16297.299
 16275.2075 16257.4475 16268.075  16214.648  16100.027  15994.806
 15984.221  16001.6255 15868.723  15832.143  15818.007  15760.591
 15758.9235 15749.5555 15754.5825 15752.8855 15690.073  15682.5725
 15769.445  15747.4855 15768.2855 15710.0455 15626.8605 15613.1165
 15538.6905 15488.9445 15529.7955 15429.2765 15434.0695 15417.911
 15544.9155 15473.352  15277.484  15270.6745 15254.2125 15294.137
 15292.0485 15292.0485 15321.452  15362.2825 15275.602  15301.731
 15263.631  15212.769  15186.138  15162.042  15195.731  15165.4275
 15161.6625 15176.5235 15157.3285 15062.12   15054.074  15084.5765
 15068.85   15147.2965 15092.6045 15115.739  15033.8045 14951.1585
 14982.749  14970.4965 14932.322  15019.897  14937.653  14870.3535
 14888.473  14879.2235 14832.189  14836.953 ]


Best Trip

[14611.95], 
[14151.16], 
[11937.73], 
[15220.54], 
[16564.71], 
[14413.35], 
[13550.34], 
[15196.75], 
[13322.34], 
[14948.03], 
[16985.73], 
[15587.86], 
[17014.32], 
[14288.3], 
[13039.48], 
[15903.4], 
[17020.83], 
[15354.61], 
[14731.59], 
[12896.04]


Best Trip of All Runs

11937.73


Worst Trip of All Runs

17020.83


Average Runs of Best Trip

14836.953


Standard Deviation Across Runs

1409.5420230631648