Best Fit Average for Each Generation

[20661.018  20759.692  20719.538  20770.971  20685.2465 20685.173
 20682.876  20745.541  20745.541  20735.6485 20708.461  20730.93
 20784.747  20784.747  20730.4035 20696.3695 20736.5465 20721.024
 20590.7385 20545.4945 20482.1275 20545.4945 20499.437  20492.099
 20492.099  20467.922  20477.5535 20477.5535 20464.3235 20358.2275
 20358.2275 20442.2485 20470.07   20437.505  20460.331  20460.331
 20424.9485 20313.9605 20302.8635 20300.218  20350.958  20354.503
 20354.39   20281.237  20247.6445 20275.2505 20133.0535 20125.1745
 20125.1745 20120.1385 20077.1625 20053.8775 20071.2975 19929.405
 19895.608  19862.801  19898.8765 19901.2475 19856.393  19805.1305
 19805.1305 19813.199  19813.199  19807.816  19789.1615 19761.517
 19820.82   19750.6845 19808.954  19800.8385 19800.8385 19748.8315
 19783.8085 19738.6295 19738.6295 19713.221  19602.6755 19610.791
 19610.791  19610.791  19600.5035 19600.5035 19533.273  19531.266
 19533.273  19436.138  19425.0865 19365.0255 19307.208  19307.208
 19328.9405 19295.9045 19186.503  19165.106  19165.106  19133.0575
 19142.058  19107.38   19120.3655 19120.3655]


Best Trip

[19837.64], 
[21156.89], 
[19365.23], 
[19057.07], 
[20335.67], 
[21075.11], 
[19484.13], 
[17984.26], 
[17415.5], 
[18619.69], 
[18685.89], 
[17785.7], 
[20324.55], 
[20693.26], 
[17891.77], 
[19736.92], 
[20335.57], 
[16007.71], 
[19237.89], 
[17376.86]


Best Trip of All Runs

16007.71


Worst Trip of All Runs

21156.89


Average Runs of Best Trip

19120.3655


Standard Deviation Across Runs

1352.9022106474476