Best Fit Average for Each Generation

[11811.4725 11921.05   12077.5765 12041.5525 12037.478  11900.477
 11898.1515 11854.2365 11747.6075 11759.8415 11744.1755 11678.0005
 11711.216  11630.662  11679.1655 11658.534  11598.6395 11646.873
 11647.156  11661.4525 11643.2345 11653.752  11653.752  11644.8825
 11548.025  11537.2265 11516.407  11516.407  11464.141  11443.6275
 11475.806  11486.6045 11486.6045 11486.6045 11475.4055 11428.4315
 11431.5185 11431.5185 11424.5335 11436.7675 11378.286  11378.286
 11324.1575 11289.8495 11159.263  11087.3455 11085.2795 11105.434
 11105.434  11105.434  11144.471  11131.3625 11194.6585 11194.6585
 11200.253  11200.253  11200.127  11200.127  11125.41   11200.127
 11200.127  11194.303  11185.4335 11175.504  11178.779  11173.417
 11137.9195 11143.514  11050.1195 11050.1195 11035.1095 11031.502
 11014.45   11014.45   11014.45   11014.8925 10945.5435 11014.8925
 11014.8925 11014.8925 11000.596  11000.596  10955.392  10954.7965
 10931.688  10932.2835 10825.482  10770.943  10770.943  10837.949
 10837.949  10863.6845 10863.622  10853.008  10850.705  10850.705
 10850.705  10801.5465 10850.7675 10850.307 ]


Best Trip

[11140.02], 
[11240.86], 
[10863.61], 
[11514.41], 
[12037.4], 
[10336.42], 
[10301.03], 
[13237.98], 
[10077.68], 
[9647.08], 
[11451.09], 
[9347.33], 
[9101.28], 
[11908.4], 
[10245.23], 
[10998.16], 
[11291.79], 
[11482.21], 
[9301.24], 
[11482.92]


Best Trip of All Runs

9101.28


Worst Trip of All Runs

13237.980000000001


Average Runs of Best Trip

10850.306999999999


Standard Deviation Across Runs

1024.1794610277052