Best Fit Average for Each Generation

[10615.9865 10845.2295 10932.277  10810.7765 10811.34   10783.554
 10809.766  10884.493  10884.493  10883.397  10883.397  10871.5735
 10884.493  10884.493  10885.994  10885.994  10711.67   10649.157
 10759.4795 10799.465  10859.4655 10855.1555 10850.913  10850.913
 10806.7765 10771.576  10747.543  10747.543  10748.964  10701.737
 10582.3755 10631.861  10567.6305 10498.83   10488.06   10513.4485
 10514.8645 10515.671  10405.6975 10418.932  10413.0515 10389.5255
 10378.471  10400.3235 10317.5205 10308.651  10308.651  10346.7065
 10346.7065 10320.662  10320.662  10315.0775 10302.8625 10210.2075
 10307.5305 10297.065  10297.065  10309.6065 10309.8935 10162.519
 10159.2445 10124.5615 10075.955  10081.923  10078.186  10078.993
 10078.993  10074.754  10067.447  10067.447  10027.84   10008.0275
 10008.7035 10008.7035 10005.561  10006.444   9883.538   9857.2035
  9872.4495  9865.3005  9865.3005  9824.759   9824.759   9790.1765
  9786.095   9787.5745  9787.5745  9771.4975  9769.7475  9771.439
  9771.439   9777.348   9777.348   9777.348   9748.0595  9748.0595
  9760.888   9760.888   9760.888   9760.888 ]


Best Trip

[10917.53], 
[8747.54], 
[10429.75], 
[7486.31], 
[9398.29], 
[10415.63], 
[11548.6], 
[12035.43], 
[8391.05], 
[8429.], 
[9451.83], 
[9357.43], 
[10223.01], 
[10183.88], 
[9140.41], 
[9313.87], 
[9929.33], 
[10040.45], 
[9540.15], 
[10238.27]


Best Trip of All Runs

7486.31


Worst Trip of All Runs

12035.43


Average Runs of Best Trip

9760.887999999999


Standard Deviation Across Runs

1053.1979089591853