Best Fit Average for Each Generation

[16142.8475 15876.1905 16032.445  15819.1425 15418.3775 15374.182
 15056.3375 15026.0545 14907.553  14912.7675 14756.168  14683.6145
 14620.1005 14838.917  14807.366  14807.745  14555.4105 14387.836
 14352.0325 14149.1995 14018.908  13987.516  13928.7895 13888.6455
 13929.443  13922.922  13923.798  13816.673  13683.0585 13530.687
 13627.8865 13454.483  13373.557  13343.7535 13357.871  13349.5355
 13392.07   13254.6215 13184.9515 13201.9715 13092.4225 12921.8845
 12942.0275 12868.6445 12768.96   12782.431  12676.78   12644.1105
 12638.47   12485.0755 12467.8505 12565.227  12538.083  12570.241
 12548.6775 12500.0095 12460.9255 12396.6145 12390.7515 12247.9185
 12179.826  12158.094  12061.3545 12058.113  12143.8015 12134.3905
 12128.5875 12033.5565 12005.4225 12074.7315 12059.712  12079.444
 12094.973  12091.693  12100.4205 12035.7665 11990.7165 11953.1695
 11975.596  11848.2875 11847.7895 11851.0605 11846.113  11768.923
 11674.4185 11698.5385 11698.5385 11696.266  11789.323  11769.738
 11711.268  11713.568  11717.9535 11648.05   11648.05   11623.328
 11620.3905 11582.029  11582.029  11529.307 ]


Best Trip

[14117.94], 
[11171.62], 
[10739.17], 
[11379.4], 
[10008.28], 
[12385.07], 
[12096.56], 
[12131.47], 
[11030.89], 
[12519.58], 
[10916.21], 
[11341.32], 
[11691.36], 
[11499.26], 
[10723.68], 
[12055.08], 
[11408.02], 
[11429.69], 
[10329.8], 
[11611.74]


Best Trip of All Runs

10008.279999999999


Worst Trip of All Runs

14117.939999999999


Average Runs of Best Trip

11529.306999999999


Standard Deviation Across Runs

873.7605128071422