Best Fit Average for Each Generation

[20620.841  20597.688  20610.661  20439.763  20365.473  20075.8795
 19944.7895 19969.2055 19994.8445 19858.7595 19726.762  19694.089
 19602.4325 19519.7465 19413.559  19523.502  19418.1985 19290.1395
 19184.249  19123.38   19132.189  19095.9125 19076.778  18915.181
 18883.202  18695.9075 18509.7465 18696.355  18640.5495 18484.394
 18457.6375 18333.5105 18387.6985 18324.072  18341.6445 18058.3155
 17914.901  17913.556  17893.8445 17908.441  17940.873  17802.678
 17791.869  17766.47   17770.017  17627.404  17637.7045 17637.7045
 17709.57   17626.154  17590.995  17723.201  17547.87   17528.726
 17566.0525 17529.4145 17528.634  17389.917  17359.6395 17384.5765
 17374.6495 17374.589  17263.8085 17263.8085 17279.4135 17184.8805
 17146.5625 17138.1375 17147.8955 17133.4265 17022.9985 17026.1085
 16923.9075 16918.685  16927.968  16869.32   16892.143  16906.306
 16794.103  16733.3555 16746.786  16708.8645 16680.8565 16675.6905
 16661.0805 16679.791  16623.16   16569.0065 16657.8405 16638.093
 16642.3345 16525.992  16521.054  16532.2905 16423.0905 16441.488
 16461.231  16434.4035 16452.1235 16497.135 ]


Best Trip

[16559.05], 
[18045.96], 
[16550.4], 
[16585.78], 
[14196.36], 
[18088.59], 
[17284.48], 
[15812.35], 
[15909.7], 
[16072.71], 
[16388.36], 
[14975.7], 
[17859.27], 
[17610.49], 
[17498.45], 
[15317.32], 
[16736.67], 
[16154.27], 
[15674.69], 
[16622.1]


Best Trip of All Runs

14196.36


Worst Trip of All Runs

18088.59


Average Runs of Best Trip

16497.135


Standard Deviation Across Runs

1013.3328514880985