Best Fit Average for Each Generation

[17174.21   17110.6105 17075.8305 16864.195  16714.482  16807.264
 16648.848  16628.861  16321.3625 16106.462  15963.9625 15911.559
 15957.9105 16163.772  16001.0085 15871.403  15750.832  15663.941
 15690.128  15649.296  15579.8645 15584.103  15578.346  15537.2455
 15483.481  15431.484  15466.06   15153.4645 15129.3035 15060.4715
 15074.946  15078.4765 15019.0905 15035.9555 14933.13   14908.431
 14843.784  14855.1875 14864.7625 14791.1035 14614.5955 14705.1505
 14713.3765 14700.1    14736.5145 14682.686  14726.655  14727.298
 14771.551  14778.014  14763.1915 14759.806  14623.0645 14515.069
 14544.292  14536.9235 14483.2905 14492.1155 14646.71   14641.2085
 14644.4785 14672.0885 14637.6535 14536.885  14560.7485 14390.9985
 14355.27   14421.6945 14416.911  14416.9575 14491.666  14491.666
 14473.2045 14360.611  14387.892  14430.689  14408.6595 14381.6555
 14301.604  14477.2465 14435.7765 14432.37   14363.833  14398.8445
 14413.696  14417.062  14351.043  14293.962  14230.911  14194.9395
 14182.756  14182.756  14198.846  14195.4125 14172.74   14239.013
 14230.787  14225.9765 14155.5425 14131.924 ]


Best Trip

[13072.19], 
[14884.12], 
[13693.81], 
[12985.54], 
[14671.14], 
[12714.09], 
[14753.7], 
[12370.73], 
[12426.97], 
[15790.05], 
[13794.69], 
[15560.27], 
[14870.19], 
[13387.05], 
[15847.46], 
[14655.58], 
[15466.], 
[14555.93], 
[13715.96], 
[13423.01]


Best Trip of All Runs

12370.730000000001


Worst Trip of All Runs

15847.46


Average Runs of Best Trip

14131.924000000003


Standard Deviation Across Runs

1089.6517636125777