Best Fit Average for Each Generation

[19326.6855 18814.83   18888.508  19112.456  18815.2175 18837.193
 18753.7235 18733.825  18627.502  18786.8455 18478.774  18423.1665
 18359.414  18189.4375 18196.98   17903.1345 17890.238  17781.17
 17600.518  17509.364  17525.8055 17304.8025 17229.294  17151.698
 17079.0275 17079.0255 17150.877  17050.959  17108.9015 17131.649
 16988.327  16834.111  16748.9135 16708.37   16562.2905 16568.021
 16481.7835 16458.666  16433.9025 16376.729  16364.405  16336.194
 16272.315  16196.328  16071.7865 15928.6075 15847.3065 15827.1305
 15782.2035 15738.937  15620.5725 15587.543  15635.6195 15458.139
 15440.9875 15360.8525 15374.4215 15331.9645 15388.7435 15339.603
 15303.426  15316.71   15341.681  15201.2285 15130.097  15048.5555
 14971.325  14942.352  14930.974  14896.057  14853.0375 14717.874
 14684.922  14581.225  14527.132  14549.9115 14516.571  14513.7355
 14435.858  14407.8385 14379.2195 14353.5535 14295.859  14286.499
 14199.748  14198.837  14180.3945 14127.1205 14158.8925 14079.159
 14118.9835 14083.825  14020.0785 14007.069  13991.81   13970.252
 13976.764  13940.5975 13895.75   13843.1725]


Best Trip

[14672.09], 
[14181.98], 
[13078.66], 
[14802.72], 
[14998.27], 
[13487.65], 
[14250.4], 
[12818.23], 
[14103.3], 
[13035.34], 
[14196.82], 
[14405.67], 
[14498.42], 
[12381.55], 
[13776.79], 
[13906.87], 
[14152.9], 
[13556.22], 
[13384.39], 
[13175.18]


Best Trip of All Runs

12381.550000000001


Worst Trip of All Runs

14998.27


Average Runs of Best Trip

13843.1725


Standard Deviation Across Runs

691.1926238529672