Best Fit Average for Each Generation

[11204.939  11133.34   11136.0505 11098.0175 11024.846  10985.3345
 11044.74   10922.943  10992.57   10949.096  10917.2555 10943.705
 10763.188  10770.3315 10722.7075 10707.889  10596.4105 10564.975
 10535.1315 10514.9465 10481.0375 10499.539  10346.4875 10374.2195
 10461.3915 10434.0045 10426.201  10397.4655 10412.556  10282.4895
 10376.0395 10348.828  10306.8865 10279.4695 10279.4695 10224.383
 10163.2375 10160.3725 10207.8405 10224.0215 10171.271  10218.6685
 10216.3655 10175.6225 10166.388  10158.8775 10089.9855 10047.584
 10056.1545 10059.361  10057.1975 10005.2995  9970.622   9943.7505
  9946.9155  9993.716  10016.768   9983.369   9895.2085  9934.513
  9961.05    9961.05    9955.3485  9951.416   9852.841   9805.71
  9842.205   9844.928   9855.948   9853.645   9764.969   9738.321
  9759.588   9779.475   9735.957   9782.2165  9745.4555  9794.2685
  9756.059   9738.81    9739.6165  9741.4915  9715.935   9703.772
  9753.483   9694.281   9659.1145  9656.433   9621.2375  9583.605
  9636.0025  9636.0025  9621.563   9607.0485  9601.5365  9601.924
  9596.3295  9578.2535  9578.2535  9582.3255]


Best Trip

[9664.7], 
[9334.4], 
[8795.54], 
[9642.57], 
[8999.93], 
[9978.96], 
[9517.55], 
[8854.87], 
[9436.27], 
[10433.27], 
[10282.46], 
[9455.26], 
[10170.46], 
[9154.91], 
[10057.99], 
[8899.01], 
[9617.16], 
[9613.54], 
[10016.5], 
[9721.16]


Best Trip of All Runs

8795.54


Worst Trip of All Runs

10433.27


Average Runs of Best Trip

9582.3255


Standard Deviation Across Runs

469.27125690239114