Best Fit Average for Each Generation

[17888.3565 17660.073  17380.94   17455.598  17331.8095 17230.2825
 17129.977  17139.0345 16885.5405 16641.679  16488.237  16346.606
 16323.054  16280.4005 16136.2235 16248.5965 16094.4445 15968.9495
 15898.62   15925.7855 15664.7465 15543.837  15545.6715 15548.159
 15484.0975 15474.971  15332.7715 15226.3395 15133.7555 15044.5205
 14977.6515 14802.299  14759.631  14760.678  14717.2295 14596.491
 14601.599  14557.763  14657.3825 14553.1215 14444.2775 14393.2565
 14474.3685 14204.7995 14075.03   14161.884  14175.1295 14164.6915
 14153.646  14195.974  14126.636  14100.9375 14028.328  13930.3885
 13834.776  13791.3555 13712.537  13654.295  13604.797  13604.797
 13539.943  13530.8515 13561.811  13517.378  13463.355  13437.0575
 13430.9245 13369.635  13357.014  13358.2625 13381.5805 13371.5265
 13255.388  13198.6025 13191.9755 13205.04   13124.1805 13178.5575
 13175.776  13166.5185 13109.9305 13123.7235 13065.3885 12893.668
 12862.633  12863.175  12766.5325 12765.3755 12690.589  12730.068
 12714.987  12658.057  12685.9845 12751.8655 12738.2575 12726.829
 12706.2045 12703.665  12703.02   12631.2735]


Best Trip

[12639.06], 
[13278.93], 
[13026.32], 
[13391.15], 
[13267.35], 
[11893.38], 
[13182.63], 
[11363.9], 
[12861.92], 
[11103.11], 
[13022.19], 
[12190.96], 
[13256.92], 
[12500.44], 
[11889.99], 
[11291.08], 
[13097.07], 
[12065.47], 
[14589.81], 
[12713.79]


Best Trip of All Runs

11103.110000000002


Worst Trip of All Runs

14589.81


Average Runs of Best Trip

12631.273500000001


Standard Deviation Across Runs

833.1092803424709