Best Fit Average for Each Generation

[14132.2055 14110.577  14026.0105 13920.7    13893.4085 13665.8085
 13649.026  13640.6155 13376.857  13444.5165 13355.206  13412.6495
 13327.983  13179.623  13024.1085 12920.6515 12874.981  12871.9265
 12906.955  12921.8025 12719.7175 12571.2305 12614.007  12607.9425
 12577.7245 12428.047  12399.429  12341.082  12287.4775 12294.553
 12278.0145 12243.0305 12267.595  12273.768  12216.5345 12126.035
 12126.035  12197.299  12159.939  12052.842  12013.149  11934.844
 11873.919  11945.49   11940.713  11852.779  11811.9425 11833.7285
 11826.1735 11816.2715 11850.0915 11864.1325 11864.1325 11770.8415
 11738.5965 11726.3225 11778.1025 11759.807  11798.656  11703.5425
 11717.214  11706.414  11716.118  11672.3165 11652.1885 11657.237
 11656.989  11656.989  11588.5515 11611.2655 11686.1785 11684.7385
 11519.195  11358.705  11374.3115 11351.768  11314.112  11283.05
 11344.285  11308.835  11300.5025 11263.7555 11222.947  11221.506
 11194.7475 11176.147  11176.147  11190.813  11190.813  11178.801
 11195.3905 11195.3905 11174.176  11168.8005 11182.5085 11160.1505
 11101.9435 11132.3245 11036.496  10975.1975]


Best Trip

[12653.28], 
[9626.03], 
[11350.36], 
[10547.57], 
[10345.59], 
[10598.21], 
[10972.87], 
[9986.63], 
[11663.84], 
[10684.59], 
[10534.23], 
[12335.41], 
[11041.94], 
[10394.42], 
[12945.82], 
[10923.24], 
[10714.49], 
[10990.99], 
[9789.75], 
[11404.69]


Best Trip of All Runs

9626.029999999999


Worst Trip of All Runs

12945.82


Average Runs of Best Trip

10975.197499999998


Standard Deviation Across Runs

865.0060971801008