Best Fit Average for Each Generation

[8950.4955 8889.689  8954.7095 8854.7255 8853.23   8853.23   8798.2305
 8701.449  8705.011  8659.9675 8583.748  8545.0055 8482.3255 8472.8155
 8442.131  8439.7695 8328.772  8274.697  8197.4755 8202.589  8148.752
 8136.4665 8097.2395 8059.3845 8058.049  8052.3945 8057.4015 7979.833
 7989.0945 7992.1095 7865.0955 7854.1245 7810.3655 7851.176  7839.6715
 7825.391  7782.9805 7778.683  7782.8575 7780.5545 7780.5545 7777.2795
 7774.0045 7745.7145 7745.9545 7740.33   7768.83   7772.0405 7767.961
 7751.2475 7741.0955 7741.935  7759.841  7733.571  7749.164  7756.693
 7743.6425 7743.6425 7741.8775 7747.2175 7750.36   7750.36   7750.36
 7737.925  7703.0825 7700.907  7700.907  7703.21   7703.21   7696.9335
 7695.9665 7695.9665 7678.665  7678.665  7693.1045 7693.1045 7694.067
 7685.1975 7693.4485 7688.012  7681.47   7699.1845 7695.07   7695.07
 7695.07   7682.213  7676.6335 7670.7375 7674.3305 7665.4705 7665.4705
 7656.038  7667.9835 7651.428  7665.4705 7665.4705 7665.4705 7679.91
 7667.328  7649.5985]


Best Trip

[7503.1], 
[8243.97], 
[7830.01], 
[7775.1], 
[7603.24], 
[7503.1], 
[8243.97], 
[7903.82], 
[7486.31], 
[7486.31], 
[7486.31], 
[7486.31], 
[7503.1], 
[7486.31], 
[7680.3], 
[7503.1], 
[7791.89], 
[7486.31], 
[7503.1], 
[7486.31]


Best Trip of All Runs

7486.3099999999995


Worst Trip of All Runs

8243.97


Average Runs of Best Trip

7649.5985


Standard Deviation Across Runs

238.40847537944197