Best Fit Average for Each Generation

[13734.7735 13756.8055 13697.7055 13612.412  13319.505  13207.8625
 13287.267  13215.139  13080.979  13057.903  12918.9485 12820.485
 12813.2415 12851.7135 12732.9685 12626.2965 12552.33   12398.0185
 12228.553  12013.758  12022.3715 11932.016  11763.1355 11801.6495
 11773.3565 11618.06   11590.502  11470.0005 11421.527  11377.2175
 11326.4105 11430.377  11339.097  11417.698  11394.2685 11322.625
 11134.0345 11104.046  11155.78   11069.8595 11078.8865 10972.685
 10963.8325 10940.5865 10894.5565 10862.083  10844.5805 10810.2195
 10782.147  10624.553  10578.7625 10605.819  10588.563  10558.4775
 10465.4205 10548.5345 10513.38   10485.6105 10453.861  10421.1945
 10444.8305 10456.3655 10364.392  10399.2815 10378.515  10378.515
 10370.6705 10308.0855 10317.2905 10282.686  10263.408  10166.482
 10168.404  10184.979  10188.9805 10208.2365 10213.989  10179.8225
 10158.312  10157.111  10138.313  10110.5765 10108.2145 10108.2145
 10113.2875 10084.491  10020.3595  9993.5415 10021.005  10005.688
 10003.57   10015.945   9978.085   9982.419   9972.802   9956.1485
  9966.887   9967.4575  9970.024   9967.81  ]


Best Trip

[10236.78], 
[10030.28], 
[9314.26], 
[9245.88], 
[9601.97], 
[10241.91], 
[10329.65], 
[9538.39], 
[9625.09], 
[9757.83], 
[9824.64], 
[10652.15], 
[9404.76], 
[10228.41], 
[9939.65], 
[10610.41], 
[10771.14], 
[11310.71], 
[9032.35], 
[9659.94]


Best Trip of All Runs

9032.35


Worst Trip of All Runs

11310.710000000001


Average Runs of Best Trip

9967.81


Standard Deviation Across Runs

566.4132354385799