Best Fit Average for Each Generation

[11869.7155 11744.21   11894.1595 11887.7115 11788.727  11673.508
 11478.5405 11384.4815 11362.5335 11224.5975 11215.932  11184.9895
 11147.424  11145.887  11125.749  11056.2355 11026.066  11092.555
 11148.853  11052.9475 11078.889  10926.15   10907.702  10748.801
 10822.3315 10854.538  10908.7765 10910.5075 10839.745  10824.1925
 10853.4415 10806.9155 10794.595  10708.3765 10633.5075 10603.0065
 10619.202  10600.695  10618.713  10579.1915 10540.3325 10567.7955
 10478.9855 10426.5755 10472.66   10508.862  10565.7615 10558.9395
 10517.6045 10482.933  10419.354  10358.209  10372.5985 10275.7495
 10350.497  10351.193  10302.624  10319.2725 10279.2265 10303.0465
 10277.4565 10290.143  10289.353  10310.4455 10328.0345 10327.9275
 10381.8635 10365.0535 10364.679  10363.7835 10244.4015 10289.084
 10221.4145 10222.885  10181.0535 10169.423  10233.7825 10235.311
 10240.51   10171.431  10079.9405 10086.907  10067.85   10013.5035
 10046.2585 10070.058  10078.8825 10050.722  10020.8715  9989.2615
  9957.571   9920.2295  9986.7485 10010.213  10003.047   9999.118
  9990.8605 10002.4515  9958.422   9925.606 ]


Best Trip

[9723.94], 
[9299.03], 
[9650.79], 
[10626.5], 
[9098.56], 
[11553.77], 
[9194.61], 
[10313.69], 
[10473.9], 
[10866.24], 
[9578.25], 
[9990.05], 
[9342.52], 
[9540.77], 
[9710.44], 
[11468.72], 
[9605.79], 
[8953.82], 
[10220.76], 
[9299.97]


Best Trip of All Runs

8953.82


Worst Trip of All Runs

11553.77


Average Runs of Best Trip

9925.606000000003


Standard Deviation Across Runs

733.8572760244328