Best Fit Average for Each Generation

[15109.757  15053.504  15209.543  14954.188  14954.0085 14781.568
 14851.2565 14763.543  14766.8245 14766.8245 14766.8245 14709.2965
 14756.307  14756.307  14714.8265 14602.6205 14582.233  14582.233
 14446.3375 14558.6365 14470.827  14534.572  14522.4215 14527.2275
 14555.827  14573.318  14573.318  14569.8535 14474.9165 14440.2465
 14413.9745 14413.9745 14428.805  14371.282  14251.3385 14220.162
 14137.378  14127.4055 14184.838  14184.838  14196.542  14051.747
 14045.9195 13995.187  14072.6865 14056.322  14056.322  13960.993
 13970.5455 13900.44   13897.0545 13817.046  13835.4695 13918.8635
 13909.463  13897.4935 13884.8055 13851.1545 13761.604  13766.044
 13806.721  13806.721  13806.721  13806.721  13806.721  13806.721
 13788.0645 13788.0645 13619.7145 13619.4195 13709.732  13676.927
 13709.732  13747.562  13755.27   13796.431  13786.273  13786.273
 13737.117  13605.11   13642.4845 13611.6055 13568.0235 13534.6855
 13511.9285 13453.1495 13458.222  13318.175  13252.1045 13331.2685
 13332.0995 13328.8245 13424.762  13406.4365 13432.14   13432.14
 13420.9345 13419.8535 13353.535  13362.7755]


Best Trip

[13918.3], 
[12937.18], 
[13366.17], 
[13469.74], 
[14415.71], 
[13048.06], 
[10698.71], 
[13902.51], 
[14363.59], 
[14037.68], 
[13502.82], 
[13504.76], 
[12666.83], 
[14732.24], 
[13057.83], 
[13243.04], 
[13387.9], 
[14913.36], 
[12729.63], 
[11359.45]


Best Trip of All Runs

10698.710000000003


Worst Trip of All Runs

14913.359999999999


Average Runs of Best Trip

13362.775499999998


Standard Deviation Across Runs

997.0104382426242