Best Fit Average for Each Generation

[16828.63   16537.4555 16804.8745 16726.603  16707.2045 16335.2505
 16183.0965 16110.5755 15978.279  15917.795  15808.482  15645.091
 15630.099  15757.746  15511.67   15461.8115 15293.683  15301.821
 15326.0525 15257.19   15124.765  15127.15   14977.978  14832.9695
 14844.344  14737.079  14700.329  14642.8415 14449.6175 14466.3105
 14398.508  14415.5215 14360.72   14306.6965 14285.214  14186.953
 14180.945  14142.8655 13984.0255 14027.447  13845.064  13906.505
 13797.3345 13725.6455 13597.962  13555.3975 13405.5765 13333.05
 13296.2735 13304.0755 13282.569  13244.988  13189.3835 13218.145
 13205.7475 13148.5145 13051.8045 12984.823  12896.7905 12868.968
 12880.0895 12807.0945 12828.206  12814.9455 12784.159  12813.598
 12770.5075 12722.8705 12705.605  12668.22   12655.3295 12603.2945
 12572.353  12524.254  12490.9605 12416.117  12416.2445 12428.601
 12432.601  12391.975  12272.5245 12226.8815 12208.417  12147.7635
 12127.0405 12057.7825 12048.027  12007.1305 12004.919  11968.5325
 11933.593  12010.0615 11959.4245 11923.6405 11920.959  11922.998
 11896.696  11949.399  11913.117  11889.668 ]


Best Trip

[12260.46], 
[11323.79], 
[12721.8], 
[10802.7], 
[12132.21], 
[12173.88], 
[11394.81], 
[11341.07], 
[12635.82], 
[13182.91], 
[12107.73], 
[10997.62], 
[11311.41], 
[13233.2], 
[11617.81], 
[11714.54], 
[12859.45], 
[11838.73], 
[11580.07], 
[10563.35]


Best Trip of All Runs

10563.35


Worst Trip of All Runs

13233.2


Average Runs of Best Trip

11889.668000000001


Standard Deviation Across Runs

746.0459991555479