Best Fit Average for Each Generation

[19880.229  19662.226  19669.5815 19630.2685 19457.8445 19371.627
 19273.945  19238.541  19194.547  19076.0665 19107.775  18951.8595
 18762.226  18721.9765 18515.2235 18463.5855 18116.373  18069.25
 17930.1945 17967.5025 18089.767  18025.18   17904.8925 17940.987
 17800.7065 17837.9115 17757.2795 17680.41   17711.681  17610.9245
 17418.6575 17338.3135 17199.525  17094.137  17102.3715 17141.795
 17196.55   16949.659  17009.0235 17142.7625 16964.9855 16858.4695
 16831.293  16865.734  16894.363  16797.0615 16783.72   16782.4765
 16796.852  16729.1745 16746.1985 16787.0615 16577.89   16681.318
 16644.1675 16605.8715 16539.876  16509.423  16359.459  16343.653
 16358.026  16347.2985 16440.62   16407.6055 16434.8915 16312.005
 16192.4285 16196.326  16174.059  16181.1535 16140.5195 16138.47
 16083.162  15979.4655 15888.7285 15729.047  15580.184  15578.5435
 15741.9785 15698.9435 15691.7185 15678.423  15673.7285 15614.7095
 15607.1945 15563.5955 15622.4325 15566.4265 15566.4265 15566.4265
 15495.675  15495.5375 15459.247  15459.247  15435.941  15458.686
 15378.6125 15366.2075 15263.896  15200.6145]


Best Trip

[15458.75], 
[14109.9], 
[14257.01], 
[15562.13], 
[15159.06], 
[13966.58], 
[16438.27], 
[16347.75], 
[14043.45], 
[15555.9], 
[15992.92], 
[14914.76], 
[15521.89], 
[16870.84], 
[14837.58], 
[14110.1], 
[15439.05], 
[14277.45], 
[15365.], 
[15783.9]


Best Trip of All Runs

13966.58


Worst Trip of All Runs

16870.84


Average Runs of Best Trip

15200.614500000001


Standard Deviation Across Runs

846.0079192387916