Best Fit Average for Each Generation

[19501.002  19437.361  19535.6715 19660.9355 19683.201  19683.201
 19992.569  19913.626  19908.2205 19939.7855 19864.7555 19770.5135
 19629.3305 19648.72   19650.267  19600.0015 19589.526  19538.7055
 19565.403  19553.017  19553.017  19374.3965 19487.743  19477.409
 19475.133  19403.737  19339.0565 19302.2485 19312.679  19299.679
 19348.667  19383.596  19333.881  19316.615  19236.9595 19217.214
 19260.8825 19260.8825 19200.99   19155.548  19105.732  19109.9715
 19227.0285 19257.3225 19257.3225 19257.3225 19214.864  19215.707
 19215.707  19215.707  19214.5235 19214.5235 19151.327  19125.03
 19161.387  19161.387  19198.559  19188.199  19180.295  19180.295
 19136.469  19182.3775 19141.2335 19141.2335 19103.5065 19104.077
 19104.077  18845.5575 18916.8955 18916.8955 18891.3685 18869.4595
 18798.798  18743.4945 18725.142  18790.3145 18764.118  18764.118
 18764.118  18787.777  18714.3335 18714.3335 18525.7305 18525.7305
 18525.7305 18443.007  18480.9785 18457.7985 18451.9745 18480.122
 18478.484  18423.4805 18445.6035 18445.6035 18398.892  18348.3785
 18289.2045 18313.406  18313.406  18313.406 ]


Best Trip

[17401.95], 
[17764.5], 
[18747.18], 
[17913.76], 
[17990.54], 
[19374.4], 
[17760.88], 
[17549.78], 
[20271.07], 
[22271.81], 
[15727.08], 
[19041.18], 
[18868.69], 
[19915.97], 
[19416.76], 
[17560.94], 
[18167.84], 
[17488.74], 
[14822.87], 
[18212.18]


Best Trip of All Runs

14822.869999999999


Worst Trip of All Runs

22271.81


Average Runs of Best Trip

18313.406


Standard Deviation Across Runs

1547.157608659829