Best Fit Average for Each Generation

[13190.17   13219.0815 13321.8885 13454.56   13364.4865 13401.269
 13400.943  13503.5895 13518.8175 13445.5845 13417.9275 13420.133
 13348.811  13333.9795 13316.6445 13348.2455 13387.4025 13347.7955
 13260.7625 13275.8825 13248.018  13240.859  13217.693  13171.866
 13137.9855 13137.0685 13126.955  13150.121  13145.0915 13145.0915
 13053.0805 12945.6365 13048.9425 13051.268  13017.6565 13000.427
 12990.2465 12954.04   12971.2695 12979.6975 12819.1115 12915.1985
 12905.087  12902.784  12928.421  12928.421  12928.421  12930.724
 12841.971  12796.2395 12708.221  12794.2065 12794.2065 12733.0325
 12800.39   12719.709  12732.887  12729.654  12791.893  12729.856
 12729.856  12715.131  12715.131  12606.9455 12606.9455 12579.794
 12529.287  12589.7495 12587.331  12578.4265 12570.9315 12565.4195
 12553.5745 12553.5745 12564.246  12491.0245 12491.0245 12485.178
 12518.47   12519.539  12422.4625 12400.671  12439.5315 12384.6465
 12398.943  12371.9165 12382.081  12382.081  12350.656  12335.8735
 12311.9375 12298.8115 12299.6425 12261.9555 12327.353  12360.8515
 12360.8515 12360.8515 12368.1535 12355.402 ]


Best Trip

[11401.22], 
[10294.], 
[11960.45], 
[13761.17], 
[12836.7], 
[12776.74], 
[13005.8], 
[11440.84], 
[12563.31], 
[12076.62], 
[10570.9], 
[12861.84], 
[13075.56], 
[11775.19], 
[12460.66], 
[13024.76], 
[11580.52], 
[12945.49], 
[15031.4], 
[11664.87]


Best Trip of All Runs

10294.0


Worst Trip of All Runs

15031.400000000001


Average Runs of Best Trip

12355.401999999998


Standard Deviation Across Runs

1058.8516774629015