Best Fit Average for Each Generation

[16061.0135 16133.1675 16275.938  16283.3915 16311.212  16389.426
 16408.134  16446.663  16498.807  16370.1845 16419.1375 16485.658
 16480.1935 16438.163  16449.419  16424.6875 16279.3165 16315.8255
 16334.4015 16334.5705 16255.02   16300.96   16306.2275 16296.649
 16219.885  16219.8205 16205.568  16205.568  16210.0775 16163.249
 16190.861  16190.861  16125.2705 16041.5335 16041.5335 16041.5335
 15934.051  15934.051  15862.2175 15865.355  15865.0085 15865.0085
 15768.2765 15768.165  15721.756  15607.4455 15650.7    15590.1825
 15498.7155 15440.3475 15539.5445 15539.5445 15539.5445 15497.7365
 15413.78   15396.0665 15423.825  15362.631  15383.7855 15239.662
 15214.732  15154.486  15154.486  15108.973  15107.5    15109.13
 15108.5025 15029.7725 15029.7725 15029.7725 15062.127  15049.184
 15062.813  15062.813  15052.3495 15024.525  15024.525  15001.4975
 14929.7255 14964.8965 14939.3895 14932.2405 14939.3895 14914.068
 14868.0845 14838.5545 14832.889  14960.109  14906.294  14912.794
 14913.5455 14914.6345 14897.6965 14763.661  14718.765  14789.8725
 14807.5095 14768.8365 14751.052  14751.052 ]


Best Trip

[14777.43], 
[13925.5], 
[15910.11], 
[14473.43], 
[14189.01], 
[12808.25], 
[13459.74], 
[14471.41], 
[15299.3], 
[12035.09], 
[16707.15], 
[14134.29], 
[15408.96], 
[14293.29], 
[16334.44], 
[13378.55], 
[16736.79], 
[15892.15], 
[15257.77], 
[15528.38]


Best Trip of All Runs

12035.09


Worst Trip of All Runs

16736.79


Average Runs of Best Trip

14751.052000000001


Standard Deviation Across Runs

1244.2276513267175