Best Fit Average for Each Generation

[19021.2785 19047.848  19041.693  18942.803  18959.962  19141.411
 19192.105  19219.2265 19282.848  19269.2465 19287.83   19281.6625
 19239.8675 19259.4885 19210.695  19184.166  19207.304  19195.846
 19226.277  19232.5445 19111.166  19036.9345 19088.2455 19107.4455
 19107.4455 19002.623  19033.596  19033.596  19016.661  19016.661
 18968.543  18930.7615 18967.0825 18778.3275 18678.7865 18678.7865
 18611.137  18704.29   18720.358  18821.7725 18813.4565 18794.3595
 18751.315  18754.2965 18809.249  18745.8455 18665.8225 18626.985
 18614.847  18601.2925 18408.0865 18430.3665 18427.1415 18427.1415
 18405.765  18248.696  18221.16   18158.189  18150.2785 18091.7495
 18081.4205 18077.7335 18073.287  18046.5155 18053.96   17953.0615
 17953.0615 17849.118  17838.2955 17838.2955 17942.239  17914.755
 17914.755  17914.755  17914.755  17919.4195 17919.4195 17776.6985
 17727.0465 17776.6985 17799.518  17646.751  17573.1895 17518.5735
 17468.9925 17417.672  17443.3145 17444.486  17477.6395 17460.516
 17401.7005 17337.8645 17420.23   17447.2095 17440.9145 17441.2035
 17386.182  17351.6705 17269.479  17221.9925]


Best Trip

[16978.24], 
[18061.14], 
[18267.39], 
[16204.92], 
[19024.71], 
[17955.27], 
[17239.11], 
[19237.37], 
[16563.02], 
[16467.96], 
[16189.57], 
[15097.79], 
[16537.78], 
[14863.5], 
[19723.36], 
[20207.47], 
[16130.63], 
[13438.26], 
[18160.92], 
[18091.44]


Best Trip of All Runs

13438.26


Worst Trip of All Runs

20207.469999999998


Average Runs of Best Trip

17221.9925


Standard Deviation Across Runs

1668.3393036935709