Best Fit Average for Each Generation

[12607.257  12530.986  12318.43   12296.2485 12496.1325 12431.221
 12262.632  12248.096  12191.0095 12036.812  11979.8405 11992.246
 11829.078  11756.3975 11551.7495 11501.802  11454.804  11333.139
 11256.304  11034.362  10991.205  10972.197  11020.07   10995.4015
 10981.462  10861.3155 10781.0165 10755.1835 10601.0045 10436.5975
 10424.339  10439.632  10348.942  10252.8885 10239.137  10238.769
 10243.3755 10260.023  10247.3605 10212.722  10188.271  10160.502
 10108.869  10106.232  10125.4975 10117.9705 10104.8445 10096.468
 10085.2395 10013.8005  9894.397   9875.8265  9898.481   9867.687
  9888.2655  9856.403   9814.9565  9859.625   9815.213   9814.997
  9821.753   9802.295   9768.8645  9745.226   9749.019   9745.952
  9716.312   9711.282   9711.1025  9697.3085  9697.5885  9697.5885
  9686.824   9662.212   9665.6525  9663.668   9646.19    9627.677
  9644.2495  9595.075   9590.955   9583.6635  9582.269   9571.4885
  9595.4245  9504.4655  9518.433   9546.155   9523.702   9523.702
  9450.4745  9450.4745  9461.8975  9452.3     9451.963   9406.41
  9454.9705  9460.7945  9458.7265  9450.9045]


Best Trip

[9315.71], 
[9451.57], 
[9900.53], 
[9017.46], 
[9765.28], 
[10009.04], 
[9010.18], 
[10186.28], 
[9325.79], 
[9492.14], 
[9417.51], 
[9239.23], 
[9875.4], 
[9496.18], 
[9017.46], 
[8978.7], 
[9498.11], 
[9280.73], 
[9269.65], 
[9471.14]


Best Trip of All Runs

8978.7


Worst Trip of All Runs

10186.279999999999


Average Runs of Best Trip

9450.9045


Standard Deviation Across Runs

337.23143593791775