Best Fit Average for Each Generation

[14795.455  14683.475  14534.2305 14383.9605 14227.06   14218.7275
 14202.733  14108.6425 14203.1775 14029.132  13836.299  13772.0465
 13764.8115 13722.0865 13714.488  13693.075  13670.681  13543.795
 13422.6135 13421.398  13418.916  13379.962  13382.9565 13331.7625
 13233.7915 13109.201  13030.116  13002.6895 12897.75   12866.502
 12838.172  12785.228  12801.864  12769.9185 12746.095  12721.1765
 12582.1405 12605.8635 12658.074  12606.356  12599.009  12585.9195
 12469.6715 12484.66   12484.049  12456.608  12456.2945 12347.172
 12290.817  12439.772  12297.6685 12284.4895 12221.4385 12219.801
 12129.8255 12166.334  12197.428  12196.8015 12177.028  12174.359
 12124.141  12098.1225 12098.1225 12121.4665 12073.786  12067.7615
 12049.105  12031.797  12006.0275 11871.4725 11836.6475 11850.989
 11868.024  11891.8805 11844.0525 11857.298  11789.5285 11777.1315
 11720.3035 11655.687  11696.111  11686.7895 11665.9085 11705.2845
 11720.829  11701.5125 11697.4335 11689.719  11622.8025 11661.7455
 11665.92   11531.758  11460.6795 11443.1335 11456.66   11456.66
 11490.1065 11426.215  11390.7815 11364.9635]


Best Trip

[10244.49], 
[10437.08], 
[12543.06], 
[13455.57], 
[11178.07], 
[11564.31], 
[11188.75], 
[10637.01], 
[11253.43], 
[12144.75], 
[11226.96], 
[10955.83], 
[12038.31], 
[9939.65], 
[10511.81], 
[10843.08], 
[13204.8], 
[11726.42], 
[11972.77], 
[10233.12]


Best Trip of All Runs

9939.65


Worst Trip of All Runs

13455.57


Average Runs of Best Trip

11364.963499999998


Standard Deviation Across Runs

947.8620182984176