Best Fit Average for Each Generation

[20989.935  20983.321  20921.1115 20850.3125 20764.331  20761.5625
 20682.4585 20699.0605 20420.1635 20174.4085 19948.513  19880.151
 19950.071  19660.163  19707.471  19684.149  19469.629  19362.7465
 19234.1615 19147.2355 18961.906  18633.9255 18860.9225 18800.38
 18712.1465 18639.7045 18602.202  18512.735  18468.6105 18335.829
 18287.5795 18361.992  18279.7995 18213.854  18047.966  17967.834
 17939.397  17808.613  17572.4085 17528.343  17478.559  17311.7215
 17256.92   17259.612  17210.8195 17232.2065 17256.398  17239.496
 17126.2275 17041.105  17138.3585 17066.3915 16996.062  16925.7035
 16966.6785 16826.574  16716.162  16650.2385 16574.7105 16546.0165
 16470.765  16445.5435 16363.5275 16448.603  16397.4525 16340.161
 16114.9355 16078.6365 16068.021  15988.521  15977.853  16005.701
 16014.758  15856.436  15879.9405 15852.4165 15818.5895 15844.322
 15888.641  15820.36   15698.1    15679.5875 15640.7725 15484.776
 15461.8945 15446.709  15439.5025 15419.7275 15407.237  15400.3795
 15425.606  15373.2185 15330.801  15296.1765 15256.935  15225.3495
 15264.1925 15260.517  15204.9715 15180.414 ]


Best Trip

[14566.74], 
[15683.88], 
[15527.79], 
[15591.15], 
[15841.4], 
[14613.93], 
[13921.85], 
[14590.98], 
[16413.91], 
[16481.2], 
[15205.59], 
[16731.3], 
[14321.3], 
[15988.2], 
[14513.95], 
[15553.04], 
[13883.3], 
[13789.52], 
[16412.1], 
[13977.15]


Best Trip of All Runs

13789.520000000002


Worst Trip of All Runs

16731.3


Average Runs of Best Trip

15180.413999999999


Standard Deviation Across Runs

942.9664135503447