Best Fit Average for Each Generation

[26487.3185 26618.646  26874.3285 26495.566  26317.318  26391.241
 26131.437  26080.6675 25932.7335 25807.1235 25399.144  25349.6875
 25265.2395 25187.7265 25069.5885 24873.91   24873.91   24884.6875
 24925.223  24645.665  24465.1405 24169.6435 24149.9805 24132.194
 24211.3735 24137.8595 24034.407  24066.365  23967.9375 23813.611
 23721.1845 23693.7315 23595.7205 23532.743  23532.743  23485.547
 23496.1    23479.918  23442.7665 23224.558  23151.559  23149.4075
 23145.005  23091.4625 23146.1555 23028.227  22947.6525 22910.0535
 22916.688  22909.065  22879.349  22864.4355 22799.399  22652.17
 22646.7685 22639.516  22665.3545 22587.494  22750.548  22753.985
 22605.691  22592.7615 22426.2875 22436.298  22377.9085 22326.433
 22176.966  22149.2715 22145.5165 22121.278  22064.906  22042.407
 21985.5725 22055.17   22082.4485 22026.2155 21981.23   21935.0235
 21863.156  21837.3925 21794.8335 21807.8425 21776.299  21781.227
 21717.89   21688.2145 21676.413  21649.314  21575.3845 21606.678
 21591.3035 21665.8135 21604.6365 21573.6965 21567.0905 21551.716
 21505.316  21417.2795 21399.499  21153.5305]


Best Trip

[21583.61], 
[22272.46], 
[19330.38], 
[20803.68], 
[20186.56], 
[20904.53], 
[21388.69], 
[20054.11], 
[18356.91], 
[22980.35], 
[21316.], 
[21410.36], 
[21493.33], 
[20444.25], 
[23593.61], 
[20816.12], 
[22963.47], 
[21784.31], 
[20680.05], 
[20707.83]


Best Trip of All Runs

18356.91


Worst Trip of All Runs

23593.61


Average Runs of Best Trip

21153.5305


Standard Deviation Across Runs

1207.8491133228315