Best Fit Average for Each Generation

[26563.8885 26322.281  26291.509  26254.423  26024.292  25987.8195
 26000.31   25972.1925 26143.199  26114.177  26096.235  26096.235
 26091.3915 26083.0435 26048.1255 26030.4005 26031.557  25946.8445
 25881.31   25840.256  25851.9335 25869.4295 25869.4295 25790.663
 25793.641  25765.738  25766.6095 25603.8075 25575.1035 25559.3415
 25559.3415 25541.6245 25453.9595 25339.5615 25334.9865 25311.817
 25412.8595 25379.3865 25374.756  25372.8225 25306.251  25321.3345
 25319.463  25319.463  25344.4875 25326.9735 25279.013  25192.37
 25161.0555 25161.0555 25111.23   25111.23   24987.343  24874.4215
 24808.439  24752.3575 24791.2025 24791.2025 24809.9905 24744.4785
 24709.63   24762.4895 24762.4895 24762.4895 24667.5995 24672.6615
 24739.8485 24729.683  24727.384  24688.161  24688.287  24667.3925
 24664.079  24531.2405 24493.9885 24493.1785 24493.1785 24493.9885
 24499.625  24473.017  24522.7065 24509.8315 24496.8355 24458.1985
 24171.493  24135.447  24137.227  23987.3665 23997.216  24112.873
 24107.9175 24112.873  24101.431  24061.909  24073.351  24063.459
 24069.7355 24047.4165 24028.454  24060.665 ]


Best Trip

[24198.15], 
[23110.73], 
[27646.62], 
[22801.96], 
[23922.25], 
[23971.55], 
[23819.29], 
[23536.17], 
[24267.28], 
[25246.25], 
[24193.44], 
[23777.44], 
[24564.31], 
[25402.06], 
[23261.79], 
[20356.96], 
[24528.13], 
[23439.56], 
[24893.59], 
[24275.77]


Best Trip of All Runs

20356.960000000003


Worst Trip of All Runs

27646.620000000003


Average Runs of Best Trip

24060.665


Standard Deviation Across Runs

1323.3339412238317