Best Fit Average for Each Generation

[24318.461  24177.6545 24102.229  23921.978  23748.15   23545.126
 23490.6175 23416.866  23302.13   23089.1145 22955.2775 22748.7365
 22637.703  22678.7985 22440.673  22248.617  22125.795  22041.068
 22013.3215 21899.0795 21765.3345 21740.1655 21528.0105 21288.4895
 21131.9645 21175.3465 21253.0505 21166.5765 21120.707  21104.891
 20975.377  20814.489  20726.446  20561.188  20533.5215 20494.5995
 20439.538  20411.9495 20399.788  20524.4005 20383.731  20212.5
 20129.47   20038.861  19916.353  19763.906  19651.4005 19686.479
 19636.3365 19590.818  19586.449  19591.8605 19493.601  19473.0405
 19403.7805 19364.596  19304.936  19248.358  19208.078  19138.519
 19049.5535 19025.756  18931.8505 18869.4625 18563.7845 18567.4195
 18608.4495 18681.372  18592.68   18609.4125 18466.559  18359.8455
 18263.298  18274.3275 18256.295  18149.2215 18107.0315 18106.2865
 17950.149  17911.1415 17788.985  17737.0545 17786.236  17702.034
 17696.8425 17669.5605 17671.0695 17656.9595 17516.1335 17494.8265
 17449.982  17431.935  17345.845  17276.48   17234.505  17261.098
 17226.4595 17264.0735 17207.2105 17220.7015]


Best Trip

[18332.13], 
[16953.17], 
[18563.16], 
[17794.25], 
[17980.87], 
[16387.84], 
[16277.98], 
[17836.56], 
[14755.64], 
[16464.79], 
[17508.43], 
[19491.48], 
[17641.49], 
[15866.05], 
[18525.25], 
[18486.18], 
[15943.1], 
[16574.86], 
[16587.15], 
[16443.65]


Best Trip of All Runs

14755.64


Worst Trip of All Runs

19491.48


Average Runs of Best Trip

17220.701500000003


Standard Deviation Across Runs

1145.3093859183853