Best Fit Average for Each Generation

[25162.2145 25164.6045 25038.08   24458.426  24500.2825 24429.3095
 24493.66   24476.68   24392.77   24120.378  24143.3815 24081.0985
 23926.695  23785.7925 23924.9675 23566.3905 23364.6555 23310.1435
 23211.1595 23155.5415 22902.7625 22615.456  22481.917  22590.6105
 22564.01   22393.073  22203.995  22017.811  22032.1    21983.995
 21917.735  21852.5415 21654.6555 21647.765  21534.911  21515.4075
 21513.2095 21493.859  21527.6645 21526.9775 21407.291  21295.233
 21143.3155 21162.598  21058.4255 21035.634  20842.857  20744.038
 20649.907  20627.0085 20702.218  20566.288  20525.7335 20377.06
 20270.7185 20183.796  20121.9295 20073.2115 20006.669  19920.935
 19915.6795 19888.6845 19851.0185 19748.647  19645.7825 19586.9235
 19568.8815 19492.3965 19549.458  19514.4665 19505.233  19478.606
 19551.128  19434.1905 19328.7415 19181.4305 19126.301  19012.32
 18868.028  18841.9145 18799.886  18788.8615 18711.1275 18776.3965
 18726.201  18720.7585 18756.9475 18659.4625 18564.6615 18507.288
 18463.671  18509.089  18400.4125 18410.7365 18344.8855 18322.3575
 18180.9705 18215.184  18213.966  18213.4405]


Best Trip

[19933.69], 
[19841.48], 
[16451.54], 
[19576.58], 
[20970.18], 
[15704.49], 
[19026.13], 
[17996.86], 
[18199.84], 
[18280.07], 
[15805.81], 
[20077.24], 
[16796.94], 
[19027.63], 
[17332.68], 
[17657.2], 
[17769.5], 
[17160.23], 
[17953.38], 
[18707.34]


Best Trip of All Runs

15704.489999999998


Worst Trip of All Runs

20970.18


Average Runs of Best Trip

18213.4405


Standard Deviation Across Runs

1411.0547893808907