Best Fit Average for Each Generation

[27412.9835 27281.111  27097.2005 26957.222  26981.2385 27026.2085
 27001.4145 27093.2865 27086.1455 27086.1455 27010.495  26991.812
 26997.2525 26961.106  26870.7885 26876.757  26870.7645 26875.769
 26875.769  26757.1965 26690.673  26591.0745 26649.299  26596.937
 26536.223  26529.9375 26495.828  26363.9565 26399.788  26357.7435
 26359.8255 26359.8255 26280.193  26249.3585 26249.3585 26273.779
 26225.03   26233.422  26201.7115 26169.551  26120.8075 25917.0975
 25993.232  25993.232  25933.797  26001.7825 25948.839  25946.357
 25941.614  25941.614  25980.5375 25919.7085 25910.1135 25910.1135
 25899.2305 25840.7975 25788.1445 25768.0735 25808.406  25808.406
 25808.406  25719.1345 25677.479  25688.486  25557.936  25495.067
 25547.916  25596.1265 25611.383  25609.078  25543.945  25604.602
 25454.0505 25383.362  25345.487  25297.2985 25297.432  25266.677
 25313.78   25176.9465 25285.068  25309.84   25309.84   25270.516
 25204.891  25185.2445 25167.843  25031.51   25028.7    25046.6495
 24963.9215 24968.5435 24972.288  24893.6675 24927.2125 24879.089
 24797.958  24652.3425 24720.5865 24694.2135]


Best Trip

[25114.34], 
[24493.21], 
[25987.19], 
[26402.72], 
[23218.72], 
[24331.7], 
[25482.17], 
[23258.75], 
[25424.59], 
[29818.72], 
[22892.62], 
[23000.57], 
[25559.25], 
[24055.43], 
[21914.27], 
[26821.28], 
[23209.44], 
[24061.02], 
[22715.26], 
[26123.02]


Best Trip of All Runs

21914.269999999997


Worst Trip of All Runs

29818.72000000001


Average Runs of Best Trip

24694.213500000005


Standard Deviation Across Runs

1798.302882148264