Best Fit Average for Each Generation

[23346.263  23349.2995 23109.236  23009.9485 22966.53   22825.17
 22848.328  22730.814  22677.7715 22653.724  22574.537  22450.0655
 22433.476  22255.347  22179.467  22071.4445 22019.1745 21909.662
 21823.613  21820.474  21698.4905 21705.2815 21626.9595 21468.3595
 21350.257  21328.831  21214.226  21070.4215 21052.943  21045.2555
 21082.9875 20949.3185 20870.1085 21065.6695 20916.7735 20939.272
 20852.8615 20607.881  20531.1705 20558.1135 20476.101  20506.1125
 20520.4805 20418.5225 20405.4575 20342.446  20039.893  20094.5225
 20036.02   20079.6775 20047.5975 20118.303  20070.4815 20058.8295
 20022.393  19997.9425 19992.02   19961.6975 19930.791  19963.587
 19938.2905 19946.7575 19877.9685 19626.624  19531.6205 19668.872
 19668.872  19583.7315 19593.584  19617.0485 19560.7765 19560.7765
 19548.3585 19564.721  19448.2815 19306.986  19336.4845 19335.262
 19275.8065 19260.8765 19254.6355 19204.7005 19225.327  19229.4315
 19187.2675 19176.081  19210.2825 19138.4155 19094.976  19034.8835
 19040.113  19039.5055 19033.7095 19099.94   19041.152  18868.1415
 18712.3555 18697.677  18700.497  18669.367 ]


Best Trip

[15080.96], 
[18687.13], 
[18348.96], 
[18768.45], 
[19241.74], 
[18961.91], 
[17598.35], 
[20208.51], 
[19465.28], 
[17564.32], 
[18929.94], 
[18809.88], 
[18241.09], 
[21578.59], 
[18193.08], 
[20232.18], 
[19287.83], 
[17990.29], 
[17574.68], 
[18624.17]


Best Trip of All Runs

15080.96


Worst Trip of All Runs

21578.589999999997


Average Runs of Best Trip

18669.367


Standard Deviation Across Runs

1269.2752992400815