Best Fit Average for Each Generation

[22266.3815 22213.6515 22301.574  22272.639  21979.0735 22143.897
 21805.479  21655.649  21584.447  21378.693  21130.64   21240.8435
 21261.543  21188.77   21113.966  20948.104  20996.9835 20817.1875
 20750.706  20800.2745 20714.2405 20695.4465 20791.643  20584.2995
 20396.7655 20329.6705 20255.941  20235.8185 20215.588  20180.247
 20162.397  20055.9805 19924.856  19901.7445 19833.689  19837.2665
 19778.243  19651.704  19627.888  19650.433  19578.7895 19527.0405
 19498.6385 19495.661  19587.3325 19532.2605 19489.8955 19472.7395
 19476.633  19349.0675 19271.7405 19177.1555 19124.4395 19140.4415
 19177.0565 19106.509  19107.321  18952.6035 18944.002  18923.2125
 19012.9235 18863.5475 18814.883  18805.5265 18602.69   18458.939
 18423.1155 18590.8555 18590.4445 18535.3465 18518.9645 18504.3075
 18486.5405 18479.3865 18399.6505 18380.283  18330.6745 18315.5015
 18358.5165 18325.0775 18313.0085 18195.111  18243.959  18158.5095
 18103.899  18072.814  18075.6055 18069.9415 18056.646  18158.6765
 17988.3965 17921.56   18019.1395 18070.0235 18014.272  17952.21
 17916.167  17916.167  17927.3155 17919.0645]


Best Trip

[18145.62], 
[18321.41], 
[17090.7], 
[18472.], 
[19179.67], 
[18127.97], 
[17706.66], 
[14410.49], 
[18521.85], 
[17937.66], 
[18467.31], 
[20045.57], 
[17275.15], 
[18228.19], 
[17834.94], 
[18511.51], 
[21504.53], 
[17502.8], 
[15219.45], 
[15877.81]


Best Trip of All Runs

14410.49


Worst Trip of All Runs

21504.530000000002


Average Runs of Best Trip

17919.0645


Standard Deviation Across Runs

1512.136542870633