Best Fit Average for Each Generation

[27848.525  27905.2115 28475.755  28467.202  28516.241  28569.1965
 28537.8475 28388.2205 28260.4065 28348.813  28345.7585 28327.7225
 28190.765  28138.411  27952.2745 27922.0165 27846.3835 27787.709
 27813.8465 27803.7565 27758.559  27573.9015 27573.9015 27506.342
 27484.7335 27388.9205 27483.1015 27480.307  27446.6355 27361.6495
 27369.455  27369.455  27238.5275 27220.9555 27156.405  27133.329
 27154.9405 27154.9405 27161.4615 27166.6005 27154.2325 27162.4025
 27051.545  27022.5785 26996.8525 27058.765  27033.1065 27031.521
 26947.088  27031.521  27016.4845 26990.8155 26784.1415 26789.193
 26681.991  26683.3985 26665.365  26592.057  26644.4245 26496.372
 26496.3765 26623.0615 26572.1425 26596.793  26523.845  26567.3365
 26567.3365 26563.4205 26479.5295 26420.3215 26418.5345 26418.5345
 26411.1435 26438.3325 26438.3325 26424.126  26367.2505 26406.619
 26406.619  26438.3325 26438.3325 26403.2725 26379.0205 26310.6745
 26309.3335 26232.342  26160.784  26146.428  26139.5325 26146.4465
 26146.4465 26167.222  26105.019  26121.387  26121.387  26121.387
 26121.387  25908.2685 26020.604  25986.695 ]


Best Trip

[25652.45], 
[24998.8], 
[29679.49], 
[24747.97], 
[25641.61], 
[25276.38], 
[24691.38], 
[27871.07], 
[27314.69], 
[24849.81], 
[25553.33], 
[24602.54], 
[25808.21], 
[24403.76], 
[28986.56], 
[24731.01], 
[25559.21], 
[24000.24], 
[28632.02], 
[26733.37]


Best Trip of All Runs

24000.239999999998


Worst Trip of All Runs

29679.489999999998


Average Runs of Best Trip

25986.695


Standard Deviation Across Runs

1613.5121659891504