Best Fit Average for Each Generation

[24844.887  25053.0345 24895.937  24878.807  24798.17   24870.0005
 24855.7105 24821.8025 24803.991  24591.0005 24591.0005 24517.23
 24541.92   24541.92   24541.92   24541.92   24537.9525 24459.6605
 24537.2615 24431.983  24509.7045 24469.817  24471.211  24374.658
 24425.9885 24456.5865 24442.9455 24311.9505 24290.4415 24259.3565
 24241.209  24179.164  24090.453  24123.531  24189.524  24252.6285
 24252.435  24250.1065 24256.864  24256.864  24196.6835 24068.4395
 24079.6655 23893.4885 23876.3655 23929.5315 23869.569  23812.2085
 23826.0285 23792.2145 23796.0865 23826.0285 23826.0285 23766.976
 23813.73   23814.902  23855.322  23855.322  23845.826  23777.916
 23686.5505 23642.3755 23642.3755 23631.647  23747.1935 23747.1935
 23683.2975 23664.3515 23664.3515 23664.3515 23612.0055 23509.457
 23211.091  23197.442  23140.4485 23065.541  23100.543  22958.0105
 23046.2895 23046.2895 22968.6605 23074.8635 22996.5255 22938.5335
 22896.1415 22896.1415 22936.2425 22883.7355 22883.7355 22883.7355
 22934.359  22888.671  22883.976  22906.179  22906.179  22776.7305
 22776.7305 22637.708  22687.8605 22721.199 ]


Best Trip

[24011.39], 
[22603.64], 
[23539.33], 
[23793.02], 
[21666.15], 
[21622.56], 
[18919.31], 
[22506.66], 
[21246.78], 
[21852.86], 
[23263.49], 
[24749.21], 
[22599.03], 
[23382.46], 
[19995.93], 
[23200.19], 
[24230.6], 
[23079.15], 
[26074.72], 
[22087.5]


Best Trip of All Runs

18919.309999999998


Worst Trip of All Runs

26074.72


Average Runs of Best Trip

22721.199


Standard Deviation Across Runs

1578.2065670149143