Best Fit Average for Each Generation

[23751.867  23704.306  23434.199  23082.072  23139.5055 23099.5155
 22816.353  22649.0345 22515.3315 22393.754  22345.646  22129.6995
 22286.379  22119.346  22303.476  22167.647  22086.624  22000.5845
 22002.965  21905.453  21347.136  21330.4705 21193.447  21195.888
 21115.8905 20948.815  20906.5075 20928.353  20824.6055 20732.5665
 20755.183  20726.64   20608.4305 20490.062  20411.5025 20399.939
 20373.352  20268.0895 20262.858  20206.6485 20179.957  20103.8055
 20038.336  19883.843  19818.3    19797.2395 19701.5515 19666.702
 19467.1965 19407.444  19552.2205 19447.307  19332.0435 19207.914
 19174.025  19198.148  19169.4675 19095.031  18960.5095 18881.019
 18715.738  18712.382  18611.297  18663.25   18609.9685 18511.2805
 18501.7245 18474.039  18396.641  18366.8065 18137.8775 18034.506
 17995.043  17927.539  17888.594  17826.856  17929.2575 17845.9975
 17848.0315 17763.173  17760.0975 17660.9155 17579.947  17673.2345
 17468.4575 17425.29   17421.99   17409.553  17415.9465 17358.323
 17366.912  17246.0225 17211.836  17174.053  17209.9475 17118.3815
 16930.5545 16869.8805 16838.9245 16826.2055]


Best Trip

[17189.34], 
[16898.27], 
[15138.24], 
[18683.37], 
[17801.81], 
[15392.24], 
[17897.48], 
[14127.71], 
[17612.23], 
[16973.53], 
[16250.78], 
[15970.], 
[16360.6], 
[15900.07], 
[18617.78], 
[16304.61], 
[16462.09], 
[18792.71], 
[16811.72], 
[17339.53]


Best Trip of All Runs

14127.709999999997


Worst Trip of All Runs

18792.710000000003


Average Runs of Best Trip

16826.205500000004


Standard Deviation Across Runs

1191.5621151600747