Best Fit Average for Each Generation

[25817.4665 25763.8925 25678.4065 25477.552  25364.467  25089.147
 25048.8685 24971.8105 24973.0805 24926.8015 24660.612  24499.4705
 24302.919  24158.37   23971.0065 23891.1105 23636.3435 23535.243
 23495.065  23432.155  23384.986  23383.4745 23454.287  23380.752
 23477.313  23218.152  23053.5345 22999.8405 22936.507  22918.3265
 22974.5035 23001.643  23017.1175 23034.6885 22897.1475 22901.4285
 22802.168  22694.9445 22552.4345 22526.304  22466.3465 22535.112
 22518.1555 22359.5155 22308.3925 22319.8285 22225.3465 22199.5455
 22137.867  22055.5125 22028.952  22094.948  21924.195  21988.702
 22000.074  22075.397  21997.12   21992.1595 21983.267  22003.868
 21938.1835 22013.628  21916.446  21913.9695 21909.594  21881.2725
 21695.6195 21715.6795 21743.7985 21523.5045 21558.704  21529.743
 21523.895  21430.207  21394.777  21384.362  21193.543  21262.455
 21272.641  21185.3375 21189.7395 21168.039  21269.444  21202.0935
 21259.8055 21270.84   21224.8905 21122.023  21152.75   21013.8065
 20993.9035 20955.7285 20922.3875 20931.5325 20997.1055 21027.85
 21074.513  20904.514  20813.4015 20802.8505]


Best Trip

[22729.63], 
[20636.08], 
[22936.93], 
[20862.87], 
[18964.28], 
[18280.48], 
[20932.4], 
[23677.43], 
[24109.02], 
[20463.75], 
[20268.14], 
[20758.84], 
[21091.39], 
[18775.21], 
[20919.58], 
[20608.42], 
[19129.11], 
[20061.32], 
[21161.79], 
[19690.34]


Best Trip of All Runs

18280.48


Worst Trip of All Runs

24109.019999999997


Average Runs of Best Trip

20802.850499999997


Standard Deviation Across Runs

1526.7330186233444