Best Fit Average for Each Generation

[25115.0505 25094.9405 25203.     25222.6385 25018.958  24924.854
 24537.7665 24213.6295 24082.304  23830.5145 23971.1135 23979.2925
 23700.5515 23616.6265 23452.0775 23279.4455 23011.636  22928.793
 22940.297  22859.096  22707.189  22564.1835 22515.6295 22595.5625
 22459.837  22318.781  22190.697  22140.464  22211.8745 22045.9635
 22003.412  22036.9085 21848.4445 21571.9235 21385.953  21540.179
 21579.587  21528.2745 21433.4525 21331.002  21331.25   21359.804
 21205.377  21178.044  21064.012  20952.3675 20984.918  21007.2895
 20989.6705 20930.8865 20891.0335 21004.088  21035.912  20999.2155
 20973.443  20770.382  20776.298  20662.2925 20736.1125 20764.987
 20694.1815 20684.8975 20747.6395 20716.772  20697.5345 20614.908
 20651.9235 20611.9865 20494.541  20610.9555 20465.7295 20435.0225
 20421.412  20407.7515 20304.0535 20304.0535 20227.328  20221.779
 20255.7675 20241.613  20241.613  20221.969  20212.339  20200.4685
 20017.339  19977.872  20063.868  20185.853  20122.53   20088.8135
 20150.529  20123.6925 20043.438  19984.691  19930.684  19892.8985
 19828.824  19789.641  19789.574  19781.6105]


Best Trip

[20751.14], 
[21578.49], 
[19298.66], 
[23455.71], 
[19686.88], 
[19578.82], 
[19107.64], 
[17152.52], 
[18963.8], 
[19512.3], 
[18631.56], 
[19944.18], 
[18863.75], 
[20070.26], 
[20182.81], 
[19793.95], 
[18661.51], 
[19153.37], 
[19988.01], 
[21256.85]


Best Trip of All Runs

17152.52


Worst Trip of All Runs

23455.710000000003


Average Runs of Best Trip

19781.610500000003


Standard Deviation Across Runs

1272.065115005813