Best Fit Average for Each Generation

[24318.368  24343.1305 24400.291  24276.7715 24137.025  24097.2325
 23934.547  23906.372  23813.713  23746.3745 23504.889  23504.889
 23454.3675 23446.3    23354.258  23367.8595 23367.8595 23355.567
 23361.8895 23361.8895 23372.3505 23317.449  23317.449  23282.3905
 23282.3905 23341.773  23341.9615 23289.9465 23146.282  23231.518
 23242.457  23209.548  23225.148  23046.814  23046.814  22992.3835
 23046.814  23004.075  23008.072  23002.941  23013.394  23018.525
 23017.494  23017.494  23017.494  22959.4155 22994.5935 22990.6175
 22974.5285 22923.4305 22923.4305 22865.2925 22846.134  22831.4755
 22832.477  22821.3605 22775.204  22691.2555 22664.0075 22654.5565
 22652.23   22688.929  22539.5765 22552.56   22541.946  22541.946
 22512.3365 22392.064  22307.301  22461.038  22461.038  22412.0745
 22359.722  22368.354  22195.0955 22195.0955 22235.427  22125.419
 21927.0265 21926.355  22097.8395 22136.398  22098.3745 22082.2295
 22068.423  22031.063  22008.8375 22045.7655 22045.7655 22082.7065
 22079.5265 22058.145  21958.3005 22040.1085 22040.1085 22053.8935
 22044.5775 21881.8215 21890.842  21890.842 ]


Best Trip

[19711.85], 
[21934.87], 
[16488.48], 
[23199.46], 
[23300.75], 
[23612.98], 
[23558.04], 
[21090.05], 
[17183.81], 
[22274.1], 
[22748.5], 
[23764.63], 
[23256.61], 
[23265.08], 
[21546.99], 
[21185.39], 
[22910.36], 
[23098.93], 
[20661.53], 
[23024.43]


Best Trip of All Runs

16488.48


Worst Trip of All Runs

23764.629999999997


Average Runs of Best Trip

21890.842


Standard Deviation Across Runs

2002.9593819286504