Best Fit Average for Each Generation

[22079.9875 22095.118  21771.3525 21940.903  21657.0675 21571.3365
 21506.9075 21388.2055 21300.3965 21255.6445 21250.574  20868.502
 20737.7605 20507.3085 20346.9025 20300.8915 20277.845  19948.3155
 19722.5205 19759.175  19650.3965 19600.7955 19513.8465 19338.861
 19218.9285 19244.977  19116.223  19032.6245 18837.098  18748.2615
 18822.537  18778.8815 18674.6375 18586.854  18479.129  18506.621
 18496.4345 18397.056  18337.167  18284.8295 18176.1535 17993.686
 17932.9865 17840.67   17816.3095 17756.2035 17664.9195 17578.5225
 17510.4525 17376.2935 17460.756  17425.185  17410.104  17385.9515
 17282.0285 17140.123  17057.6065 17033.9445 17031.118  16929.599
 16923.5955 16930.313  16916.0615 16864.592  16797.0015 16688.243
 16594.349  16500.242  16455.866  16498.4285 16394.23   16368.2805
 16278.102  16229.802  16135.935  16157.981  16072.0565 16045.2345
 16046.9095 16008.5545 16024.548  15955.4125 15883.0175 15877.8845
 15914.3325 15914.795  15893.559  15880.444  15791.4765 15759.744
 15629.0355 15588.5885 15568.384  15528.5345 15524.1035 15524.1035
 15457.359  15409.829  15414.858  15404.8735]


Best Trip

[16468.77], 
[15226.8], 
[15777.09], 
[15362.28], 
[15012.57], 
[16085.03], 
[14948.72], 
[15540.12], 
[15945.97], 
[15528.], 
[16198.72], 
[14663.52], 
[16084.97], 
[16071.83], 
[13966.69], 
[14617.53], 
[15298.76], 
[16335.32], 
[13600.32], 
[15364.46]


Best Trip of All Runs

13600.32


Worst Trip of All Runs

16468.769999999997


Average Runs of Best Trip

15404.873500000002


Standard Deviation Across Runs

753.8319364571588