Best Fit Average for Each Generation

[5018.81   5030.503  5030.503  5030.503  5030.503  5024.6565 5018.81
 5018.81   5018.81   5018.81   5018.81   5018.81   5018.81   5018.81
 5018.81   5018.81   5018.81   5018.81   5018.81   5018.81   5018.81
 5018.81   5018.81   5018.81   5018.81   5018.81   5018.81   5018.81
 5018.81   5018.81   5018.81   5018.81   5018.81   5018.81   5018.81
 5018.81   5018.81   5018.81   5018.81   5018.81   5018.81   5018.81
 5018.81   5018.81   5018.81   5018.81   5018.81   5018.81   5018.81
 5018.81   5018.81   5018.81   5018.81   5018.81   5018.81   5018.81
 5018.81   5018.81   5018.81   5018.81   5018.81   5018.81   5018.81
 5018.81   5018.81   5018.81   5018.81   5018.81   5018.81   5018.81
 5018.81   5018.81   5018.81   5018.81   5018.81   5018.81   5018.81
 5018.81   5018.81   5018.81   5018.81   5018.81   5018.81   5018.81
 5018.81   5018.81   5018.81   5018.81   5018.81   5018.81   5018.81
 5018.81   5018.81   5018.81   5018.81   5018.81   5018.81   5018.81
 5018.81   5018.81  ]


Best Trip

[5018.81], 
[5018.81], 
[5018.81], 
[5018.81], 
[5018.81], 
[5018.81], 
[5018.81], 
[5018.81], 
[5018.81], 
[5018.81], 
[5018.81], 
[5018.81], 
[5018.81], 
[5018.81], 
[5018.81], 
[5018.81], 
[5018.81], 
[5018.81], 
[5018.81], 
[5018.81]


Best Trip of All Runs

5018.8099999999995


Worst Trip of All Runs

5018.81


Average Runs of Best Trip

5018.8099999999995


Standard Deviation Across Runs

2.033691978340166e-13