Best Fit Average for Each Generation

[5073.778  5098.942  5154.173  5140.4365 5165.5675 5123.4685 5085.7885
 5085.7885 5134.59   5140.4365 5110.9195 5134.59   5134.59   5134.59
 5134.59   5115.2725 5115.2725 5110.315  5096.877  5122.008  5122.008
 5116.1615 5104.184  5104.184  5104.184  5098.3375 5098.3375 5092.491
 5092.491  5092.491  5092.491  5092.491  5092.491  5092.491  5092.491
 5092.491  5075.556  5092.491  5092.491  5092.491  5092.491  5086.6445
 5086.6445 5086.6445 5086.6445 5086.6445 5086.6445 5086.6445 5086.6445
 5086.6445 5086.6445 5080.798  5074.0625 5086.6445 5086.6445 5086.6445
 5079.909  5079.909  5079.909  5074.0625 5079.909  5079.909  5086.6445
 5086.6445 5086.6445 5086.6445 5086.6445 5086.6445 5086.6445 5086.6445
 5069.7095 5080.798  5080.798  5080.798  5080.798  5073.491  5080.798
 5080.798  5074.0625 5057.1275 5057.1275 5057.1275 5057.1275 5057.1275
 5057.1275 5069.7095 5063.863  5063.863  5063.863  5063.863  5063.863
 5063.863  5055.667  5055.667  5055.667  5063.863  5049.8205 5049.8205
 5049.8205 5049.8205]


Best Trip

[5018.81], 
[5018.81], 
[5018.81], 
[5018.81], 
[5018.81], 
[5018.81], 
[5018.81], 
[5018.81], 
[5018.81], 
[5018.81], 
[5018.81], 
[5018.81], 
[5018.81], 
[5018.81], 
[5270.45], 
[5018.81], 
[5270.45], 
[5018.81], 
[5018.81], 
[5135.74]


Best Trip of All Runs

5018.8099999999995


Worst Trip of All Runs

5270.45


Average Runs of Best Trip

5049.8205


Standard Deviation Across Runs

77.80905535186768