Best Fit Average for Each Generation

[5643.026  5645.1105 5699.8215 5687.6785 5631.701  5683.931  5713.7475
 5717.495  5649.9655 5649.9655 5649.9655 5649.9655 5649.9655 5614.0575
 5637.728  5597.325  5597.325  5627.1415 5637.728  5620.793  5595.662
 5595.662  5595.662  5595.662  5595.662  5575.739  5574.2785 5555.816
 5555.816  5569.8585 5569.8585 5568.167  5568.167  5568.167  5509.799
 5561.4315 5521.0285 5464.352  5464.352  5471.0875 5471.0875 5464.352
 5464.352  5464.352  5471.0875 5471.0875 5493.2975 5493.2975 5493.2975
 5493.2975 5493.2975 5493.2975 5493.2975 5493.2975 5493.2975 5486.562
 5486.562  5486.562  5486.562  5486.562  5486.562  5486.562  5486.562
 5472.0175 5474.679  5424.738  5428.194  5421.4585 5476.3705 5452.4345
 5452.4345 5428.764  5459.17   5462.626  5462.626  5462.626  5442.4675
 5442.4675 5442.4675 5418.797  5418.797  5418.797  5418.797  5418.797
 5418.797  5410.37   5408.9095 5408.9095 5408.9095 5415.876  5415.876
 5391.94   5391.94   5391.94   5385.2045 5385.2045 5385.2045 5385.2045
 5385.2045 5385.2045]


Best Trip

[5018.81], 
[5018.81], 
[5018.81], 
[5135.74], 
[5749.17], 
[5749.17], 
[5778.38], 
[5018.81], 
[5135.74], 
[6467.02], 
[5749.17], 
[5299.66], 
[5018.81], 
[5492.22], 
[5492.22], 
[5270.45], 
[5135.74], 
[5749.17], 
[5270.45], 
[5135.74]


Best Trip of All Runs

5018.8099999999995


Worst Trip of All Runs

6467.02


Average Runs of Best Trip

5385.2045


Standard Deviation Across Runs

376.26518389926827