Best Fit Average for Each Generation

[5645.861  5653.5845 5643.266  5643.9945 5648.508  5693.614  5622.455
 5610.762  5595.991  5627.3975 5625.962  5573.264  5567.4175 5597.6665
 5565.9855 5582.192  5562.303  5560.7845 5549.5355 5545.911  5538.7315
 5556.5555 5562.402  5549.82   5543.9735 5526.1495 5531.996  5531.996
 5526.1495 5531.996  5531.996  5531.996  5527.4825 5527.4825 5527.4825
 5527.4825 5521.636  5521.636  5511.276  5511.276  5517.1225 5517.1225
 5517.1225 5511.276  5505.4295 5505.4295 5511.276  5505.4295 5499.583
 5499.583  5493.7365 5505.4295 5505.4295 5505.4295 5505.4295 5505.4295
 5505.4295 5499.583  5499.583  5499.583  5499.583  5499.583  5505.4295
 5505.4295 5505.4295 5505.4295 5505.4295 5505.4295 5505.4295 5505.4295
 5505.4295 5505.4295 5499.583  5499.583  5505.4295 5505.4295 5505.4295
 5505.4295 5493.7365 5499.583  5499.583  5499.583  5499.583  5499.583
 5499.583  5499.583  5499.583  5499.583  5499.583  5499.583  5493.7365
 5493.7365 5493.7365 5493.7365 5493.7365 5493.7365 5493.7365 5493.7365
 5493.7365 5493.7365]


Best Trip

[5487.89], 
[5487.89], 
[5487.89], 
[5487.89], 
[5487.89], 
[5487.89], 
[5487.89], 
[5487.89], 
[5604.82], 
[5487.89], 
[5487.89], 
[5487.89], 
[5487.89], 
[5487.89], 
[5487.89], 
[5487.89], 
[5487.89], 
[5487.89], 
[5487.89], 
[5487.89]


Best Trip of All Runs

5487.889999999999


Worst Trip of All Runs

5604.819999999999


Average Runs of Best Trip

5493.736499999999


Standard Deviation Across Runs

25.484302673410323