Best Fit Average for Each Generation

[6558.72   6642.306  6650.8155 6672.714  6601.0525 6601.0525 6590.4055
 6590.4055 6549.338  6605.3045 6595.7415 6553.3735 6553.3735 6511.0055
 6506.4755 6439.1825 6505.567  6506.4755 6487.154  6478.9995 6439.551
 6439.551  6437.8595 6444.178  6444.178  6444.178  6485.9445 6482.4885
 6485.9445 6485.9445 6485.9445 6393.5885 6456.9285 6456.424  6439.489
 6439.489  6417.814  6416.3535 6416.3535 6417.814  6394.1435 6394.1435
 6392.683  6307.432  6318.079  6383.055  6379.069  6387.408  6387.408
 6394.1435 6394.1435 6394.1435 6390.6875 6390.6875 6390.6875 6380.0405
 6383.4965 6358.1345 6383.4965 6383.4965 6383.4965 6383.4965 6383.4965
 6383.4965 6382.036  6382.036  6382.036  6382.036  6382.036  6360.571
 6327.994  6327.994  6331.45   6331.45   6331.45   6331.45   6331.45
 6360.571  6360.571  6357.115  6350.3795 6350.3795 6319.1995 6350.3795
 6344.9665 6344.9665 6344.9665 6344.9665 6341.5105 6341.5105 6330.422
 6341.5105 6335.664  6341.5105 6276.6795 6276.6795 6276.6795 6276.6795
 6276.6795 6276.6795]


Best Trip

[6124.39], 
[6392.34], 
[5604.82], 
[6323.22], 
[6872.31], 
[5739.53], 
[7085.39], 
[6392.34], 
[6480.13], 
[6385.54], 
[5768.74], 
[5812.02], 
[5487.89], 
[6323.22], 
[5604.82], 
[7182.97], 
[5487.89], 
[6798.8], 
[7304.1], 
[6363.13]


Best Trip of All Runs

5487.89


Worst Trip of All Runs

7304.0999999999985


Average Runs of Best Trip

6276.6795


Standard Deviation Across Runs

556.0106774197322