Best Fit Average for Each Generation

[5891.331  5976.468  5995.274  6075.846  6089.398  6012.951  6042.06
 6017.8075 6010.5635 5961.236  5956.8105 5896.239  5841.3395 5835.493
 5835.493  5831.54   5842.631  5842.631  5842.631  5890.346  5918.5325
 5907.2835 5914.0455 5909.0235 5916.237  5902.4185 5892.0585 5876.597
 5846.0605 5829.222  5787.4555 5786.5665 5780.72   5793.302  5769.6315
 5779.9915 5772.6845 5772.6845 5837.2325 5837.2325 5837.2325 5837.2325
 5771.547  5807.038  5715.6595 5678.3245 5727.9365 5765.2715 5749.065
 5759.425  5748.3365 5759.425  5759.425  5759.425  5759.425  5759.425
 5759.425  5759.425  5753.5785 5732.13   5725.3945 5718.0875 5728.4475
 5733.6895 5733.6895 5739.536  5759.425  5716.2435 5716.2435 5747.732
 5740.9965 5732.8005 5739.536  5745.3825 5745.3825 5745.3825 5745.3825
 5745.3825 5745.3825 5745.3825 5745.3825 5745.3825 5739.536  5745.3825
 5729.176  5735.0225 5729.176  5735.0225 5745.3825 5745.3825 5745.3825
 5745.3825 5745.3825 5745.3825 5745.3825 5745.3825 5701.5235 5701.5235
 5694.788  5688.9415]


Best Trip

[5604.82], 
[5695.09], 
[5812.02], 
[6351.52], 
[6480.13], 
[5604.82], 
[5604.82], 
[5487.89], 
[5604.82], 
[5739.53], 
[5487.89], 
[5812.02], 
[5487.89], 
[5487.89], 
[5487.89], 
[5604.82], 
[5487.89], 
[5487.89], 
[5487.89], 
[5961.3]


Best Trip of All Runs

5487.889999999999


Worst Trip of All Runs

6480.13


Average Runs of Best Trip

5688.941499999999


Standard Deviation Across Runs

276.6602679691284