Best Fit Average for Each Generation

[7645.546  7608.1935 7546.988  7577.42   7559.886  7609.218  7537.1895
 7591.5815 7561.9845 7546.2125 7487.618  7515.2415 7488.3535 7398.3915
 7368.625  7263.1435 7289.397  7285.656  7287.587  7290.168  7281.073
 7168.4165 7203.9195 7199.9665 7199.9665 7199.9665 7186.779  7170.993
 7229.0545 7263.895  7247.7585 7237.0725 7212.1845 7219.776  7187.0355
 7217.9675 7210.6605 7217.758  7217.758  7217.758  7217.758  7181.614
 7178.3485 7203.4795 7172.502  7142.8175 7142.5305 7155.348  7149.7885
 7169.316  7160.447  7155.707  7112.085  7112.085  7112.085  7122.6715
 7058.179  7073.1185 7081.9875 7062.0645 7040.5375 7065.6685 7088.7845
 7088.7845 7124.641  7090.3485 7124.641  7117.334  7070.1995 7086.843
 7086.843  7086.843  7058.4465 7049.11   7058.4465 7052.566  7068.828
 7017.465  7068.4205 7079.0675 7077.947  7046.767  7077.947  7029.612
 7029.8685 7029.8685 7029.8685 7029.8685 7029.612  7070.64   7070.64
 7067.3    7067.3    7061.4535 7033.537  6986.4025 6984.942  6952.11
 6957.385  6957.385 ]


Best Trip

[6732.8], 
[7313.26], 
[6667.49], 
[6948.34], 
[6667.49], 
[7430.26], 
[7273.35], 
[6919.13], 
[7352.35], 
[6919.13], 
[6667.49], 
[7490.64], 
[6919.13], 
[6784.42], 
[6732.8], 
[7542.73], 
[6784.42], 
[6667.49], 
[6667.49], 
[6667.49]


Best Trip of All Runs

6667.49


Worst Trip of All Runs

7542.7300000000005


Average Runs of Best Trip

6957.384999999999


Standard Deviation Across Runs

308.42309559272655