Best Fit Average for Each Generation

[7120.6495 7088.313  7003.7155 7086.5235 7001.305  7026.571  7017.349
 7010.1125 7051.1655 6980.677  6920.7135 6910.3535 6897.2    6915.812
 6910.223  6866.6435 6866.6435 6851.2445 6839.3105 6839.995  6819.634
 6813.8575 6804.555  6795.443  6770.8835 6757.8985 6777.9005 6759.1465
 6752.052  6744.745  6748.0105 6738.8985 6738.8985 6738.214  6738.214
 6771.6785 6762.5665 6749.167  6745.9015 6745.9015 6750.8735 6754.139
 6750.8735 6759.6265 6787.297  6781.4505 6775.604  6781.4505 6769.073
 6771.654  6775.383  6760.4025 6751.975  6754.556  6754.556  6751.2905
 6763.668  6757.137  6753.4545 6753.4545 6747.608  6740.5135 6737.248
 6737.248  6737.248  6737.248  6731.4015 6737.248  6737.248  6732.276
 6720.583  6726.4295 6726.4295 6723.164  6723.164  6723.164  6716.4285
 6719.8985 6719.8985 6719.8985 6716.4285 6716.4285 6713.163  6722.275
 6716.4285 6716.4285 6716.4285 6713.163  6713.163  6710.582  6710.582
 6710.582  6710.582  6710.582  6710.582  6710.582  6710.582  6710.582
 6710.582  6710.582 ]


Best Trip

[6667.49], 
[6667.49], 
[6667.49], 
[6667.49], 
[6667.49], 
[6667.49], 
[6667.49], 
[6667.49], 
[7347.09], 
[6667.49], 
[6784.42], 
[6667.49], 
[6667.49], 
[6667.49], 
[6667.49], 
[6732.8], 
[6667.49], 
[6667.49], 
[6667.49], 
[6667.49]


Best Trip of All Runs

6667.49


Worst Trip of All Runs

7347.09


Average Runs of Best Trip

6710.582


Standard Deviation Across Runs

148.77092654816673