Best Fit Average for Each Generation

[8102.6195 8219.563  8278.3265 8347.8315 8311.831  8309.3385 8323.2405
 8316.6385 8312.764  8280.229  8285.413  8285.413  8256.292  8183.8475
 8205.8195 8212.9685 8246.3175 8228.386  8242.9755 8226.318  8220.4375
 8220.4375 8277.32   8277.32   8277.32   8214.851  8240.8955 8240.8955
 8238.69   8226.078  8205.916  8177.591  8177.591  8177.591  8177.591
 8177.591  8173.614  8160.656  8160.656  8179.7965 8172.4405 8172.9905
 8176.3935 8100.7615 8039.051  8106.344  8160.437  8154.512  8136.6635
 8140.4065 8138.201  8116.736  8116.736  8122.207  8122.207  8059.6355
 8057.43   7990.8515 7970.693  7939.446  8008.23   8008.23   8016.053
 8016.053  8039.477  8039.477  7951.006  7950.719  7950.719  7919.1445
 7895.2085 7888.0595 7888.0595 7888.0595 7895.2085 7895.2085 7891.943
 7890.4825 7869.7905 7869.7905 7869.7905 7869.7905 7869.7905 7869.7905
 7869.7905 7869.7905 7869.7905 7852.8555 7869.7905 7869.7905 7844.6595
 7844.6595 7844.6595 7834.86   7834.86   7834.86   7834.86   7834.86
 7834.86   7805.8325]


Best Trip

[7206.21], 
[7339.36], 
[9008.3], 
[7352.35], 
[9275.81], 
[7977.25], 
[8632.7], 
[7640.], 
[6732.8], 
[7342.47], 
[8099.05], 
[7596.43], 
[7490.64], 
[6849.73], 
[7638.36], 
[7681.9], 
[7901.7], 
[8515.99], 
[7577.01], 
[8258.59]


Best Trip of All Runs

6732.8


Worst Trip of All Runs

9275.810000000001


Average Runs of Best Trip

7805.8324999999995


Standard Deviation Across Runs

650.147048842606