Best Fit Average for Each Generation

[8066.9265 8058.4615 7990.6675 7949.056  7935.634  7852.4115 7872.8215
 7872.6735 7847.447  7848.087  7844.97   7831.167  7710.211  7709.4045
 7696.793  7687.545  7738.8785 7765.251  7796.6885 7760.472  7711.6395
 7677.097  7706.5095 7717.7275 7687.119  7663.9635 7688.9585 7686.1735
 7673.434  7637.051  7586.196  7586.749  7575.7405 7500.766  7494.8275
 7455.9185 7455.921  7435.1555 7477.2285 7503.1265 7486.081  7482.317
 7414.8885 7440.661  7440.661  7425.435  7395.859  7461.93   7469.374
 7469.374  7477.523  7510.111  7493.2755 7465.0665 7481.902  7433.392
 7426.642  7426.642  7426.642  7395.4805 7444.533  7393.6765 7393.6765
 7387.626  7372.012  7339.207  7359.3585 7343.061  7375.866  7325.2405
 7352.268  7352.268  7312.6615 7345.4665 7316.9915 7316.9915 7331.424
 7310.33   7324.3725 7319.616  7319.616  7298.1105 7265.8185 7300.6915
 7282.7295 7282.7295 7285.995  7309.4745 7319.16   7303.331  7323.222
 7295.361  7276.049  7276.049  7237.7705 7237.7705 7247.343  7280.7995
 7279.993  7275.469 ]


Best Trip

[6855.75], 
[7396.3], 
[7542.18], 
[7174.87], 
[7151.96], 
[7441.32], 
[6921.25], 
[7763.49], 
[7583.29], 
[6959.4], 
[7827.33], 
[7831.95], 
[7342.82], 
[7038.18], 
[7501.71], 
[6855.75], 
[7642.8], 
[7144.54], 
[6855.94], 
[6678.55]


Best Trip of All Runs

6678.549999999999


Worst Trip of All Runs

7831.95


Average Runs of Best Trip

7275.468999999999


Standard Deviation Across Runs

350.7045304654618