Best Fit Average for Each Generation

[8781.1855 8764.974  8743.918  8841.864  9010.425  9031.7915 8987.005
 8924.611  8888.497  8847.1725 8881.4315 8848.7695 8902.777  8962.3985
 8930.9635 8969.545  8972.3925 8964.9315 8961.057  8880.0255 8898.237
 8898.237  8865.0705 8865.0705 8831.1735 8831.1735 8831.1735 8822.3135
 8825.699  8825.699  8823.7605 8823.6475 8776.0305 8776.0305 8731.651
 8723.888  8721.6825 8720.1915 8698.131  8698.131  8699.5915 8697.386
 8688.074  8630.8925 8623.5855 8686.078  8695.39   8695.39   8695.39
 8650.4785 8645.5655 8690.477  8693.6495 8693.6495 8693.6495 8646.043
 8596.431  8590.1285 8611.962  8575.294  8555.6125 8522.927  8564.4745
 8573.7505 8543.1075 8540.119  8540.119  8540.119  8551.4145 8551.4145
 8551.4145 8553.5615 8483.6975 8443.3975 8443.3975 8444.7545 8431.714
 8431.714  8387.3345 8444.7545 8396.2785 8396.2785 8396.2785 8444.7545
 8441.4795 8441.4795 8441.4795 8441.4795 8441.4795 8441.4795 8432.1675
 8365.1615 8361.896  8361.896  8286.1795 8286.1795 8286.1795 8286.1795
 8286.1795 8179.648 ]


Best Trip

[7613.59], 
[7738.26], 
[7954.34], 
[7396.64], 
[9043.17], 
[8243.66], 
[8008.1], 
[8154.09], 
[8794.35], 
[7107.39], 
[8907.59], 
[8250.27], 
[8129.28], 
[8913.6], 
[8421.57], 
[8510.04], 
[7798.44], 
[7948.9], 
[8785.28], 
[7874.4]


Best Trip of All Runs

7107.39


Worst Trip of All Runs

9043.17


Average Runs of Best Trip

8179.647999999999


Standard Deviation Across Runs

519.0800028858749