Best Fit Average for Each Generation

[7680.449  7687.2825 7709.829  7691.413  7631.416  7593.924  7517.125
 7424.197  7431.8    7444.342  7431.495  7353.712  7323.558  7334.6295
 7269.1195 7273.527  7206.119  7205.9825 7222.494  7236.7415 7182.474
 7176.5025 7154.614  7143.071  7127.1045 7136.6675 7097.0885 7080.8545
 7072.577  7120.7555 7090.3365 7098.523  7059.534  7089.0425 7079.898
 7067.9895 7034.7635 7078.491  7051.1435 7010.5215 6986.406  6977.546
 6977.5365 6981.0795 6961.053  6945.215  6931.607  6937.9835 6938.251
 6927.0845 6942.315  6945.5805 6940.0105 6923.5695 6918.074  6941.832
 6930.232  6969.935  6943.246  6939.8815 6937.555  6911.949  6917.274
 6916.1085 6913.3645 6913.3645 6903.109  6877.1915 6869.8845 6849.5985
 6855.8025 6840.207  6846.044  6818.398  6832.031  6803.9415 6819.5275
 6826.263  6817.403  6808.543  6807.043  6807.0335 6807.0335 6815.8935
 6815.8935 6818.9165 6818.9165 6813.07   6813.07   6807.5    6807.5
 6830.717  6821.857  6836.2965 6836.2965 6836.2965 6830.45   6824.88
 6821.59   6823.991 ]


Best Trip

[6678.55], 
[6678.55], 
[6967.34], 
[6678.55], 
[6855.94], 
[6678.55], 
[6678.55], 
[7320.28], 
[6678.55], 
[6972.68], 
[7107.58], 
[6855.94], 
[6678.55], 
[6930.19], 
[6795.48], 
[6855.94], 
[6678.55], 
[6678.55], 
[6855.75], 
[6855.75]


Best Trip of All Runs

6678.549999999999


Worst Trip of All Runs

7320.28


Average Runs of Best Trip

6823.991


Standard Deviation Across Runs

169.84275021030487